1
1 >>  1 0 0 0 0 0 0 0 0 0 
2 >>  0 0 0 0 0 0 0 0 0 0 
3 >>  0 0 0 0 0 0 0 0 0 0 
4 >>  0 0 0 0 0 0 0 0 0 0 
5 >>  0 0 0 0 0 0 0 0 0 0 
6 >>  0 0 0 0 0 0 0 0 0 0 
7 >>  0 0 0 0 0 0 0 0 0 0 
8 >>  0 0 0 0 0 0 0 0 0 0 
9 >>  0 0 0 0 0 0 0 0 0 0 
10 >>  0 0 0 0 0 0 0 0 0 0 
11 >>  0 0 0 0 0 0 0 0 0 0 
12 >>  0 0 0 0 0 0 0 0 0 0 
13 >>  0 0 0 0 0 0 0 0 0 0 
14 >>  0 0 0 0 0 0 0 0 0 0 
15 >>  0 0 0 0 0 0 0 0 0 0 
16 >>  0 0 0 0 0 0 0 0 0 0 
17 >>  0 0 0 0 0 0 0 0 0 0 
18 >>  0 0 0 0 0 0 0 0 0 0 
19 >>  0 0 0 0 0 0 0 0 0 0 
20 >>  0 0 0 0 0 0 0 0 0 0 
21 >>  0 0 0 0 0 0 0 0 0 0 
22 >>  0 0 0 0 0 0 0 0 0 0 
23 >>  0 0 0 0 0 0 0 0 0 0 
24 >>  0 0 0 0 0 0 0 0 0 0 
25 >>  0 0 0 0 0 0 0 0 0 0 
26 >>  0 0 0 0 0 0 0 0 0 0 
27 >>  0 0 0 0 0 0 0 0 0 0 
28 >>  0 0 0 0 0 0 0 0 0 0 
29 >>  0 0 0 0 0 0 0 0 0 0 
30 >>  0 0 0 0 0 0 0 0 0 0 
31 >>  0 0 0 0 0 0 0 0 0 0 
32 >>  0 0 0 0 0 0 0 0 0 0 
33 >>  0 0 0 0 0 0 0 0 0 0 
34 >>  0 0 0 0 0 0 0 0 0 0 
35 >>  0 0 0 0 0 0 0 0 0 0 
36 >>  0 0 0 0 0 0 0 0 0 0 
37 >>  0 0 0 0 0 0 0 0 0 0 
38 >>  0 0 0 0 0 0 0 0 0 0 
39 >>  0 0 0 0 0 0 0 0 0 0 
40 >>  0 0 0 0 0 0 0 0 0 0 
41 >>  0 0 0 0 0 0 0 0 0 0 
42 >>  0 0 0 0 0 0 0 0 0 0 
43 >>  0 0 0 0 0 0 0 0 0 0 
44 >>  0 0 0 0 0 0 0 0 0 0 
45 >>  0 0 0 0 0 0 0 0 0 0 
46 >>  0 0 0 0 0 0 0 0 0 0 
47 >>  0 0 0 0 0 0 0 0 0 0 
48 >>  0 0 0 0 0 0 0 0 0 0 
49 >>  0 0 0 0 0 0 0 0 0 0 
50 >>  0 0 0 0 0 0 0 0 0 0 
51 >>  0 0 0 0 0 0 0 0 0 0 
52 >>  0 0 0 0 0 0 0 0 0 0 
53 >>  0 0 0 0 0 0 0 0 0 0 
54 >>  0 0 0 0 0 0 0 0 0 0 
55 >>  0 0 0 0 0 0 0 0 0 0 
56 >>  0 0 0 0 0 0 0 0 0 0 
57 >>  0 0 0 0 0 0 0 0 0 0 
58 >>  0 0 0 0 0 0 0 0 0 0 
59 >>  0 0 0 0 0 0 0 0 0 0 
60 >>  0 0 0 0 0 0 0 0 0 0 
61 >>  0 0 0 0 0 0 0 0 0 0 
62 >>  0 0 0 0 0 0 0 0 0 0 
63 >>  0 0 0 0 0 0 0 0 0 0 
64 >>  0 0 0 0 0 0 0 0 0 0 
65 >>  0 0 0 0 0 0 0 0 0 0 
66 >>  0 0 0 0 0 0 0 0 0 0 
67 >>  0 0 0 0 0 0 0 0 0 0 
68 >>  0 0 0 0 0 0 0 0 0 0 
69 >>  0 0 0 0 0 0 0 0 0 0 
70 >>  0 0 0 0 0 0 0 0 0 0 
71 >>  0 0 0 0 0 0 0 0 0 0 
72 >>  0 0 0 0 0 0 0 0 0 0 
73 >>  0 0 0 0 0 0 0 0 0 0 
74 >>  0 0 0 0 0 0 0 0 0 0 
75 >>  0 0 0 0 0 0 0 0 0 0 
76 >>  0 0 0 0 0 0 0 0 0 0 
77 >>  0 0 0 0 0 0 0 0 0 0 
78 >>  0 0 0 0 0 0 0 0 0 0 
79 >>  0 0 0 0 0 0 0 0 0 0 
80 >>  0 0 0 0 0 0 0 0 0 0 
81 >>  0 0 0 0 0 0 0 0 0 0 
82 >>  0 0 0 0 0 0 0 0 0 0 
83 >>  0 0 0 0 0 0 0 0 0 0 
84 >>  0 0 0 0 0 0 0 0 0 0 
85 >>  0 0 0 0 0 0 0 0 0 0 
86 >>  0 0 0 0 0 0 0 0 0 0 
87 >>  0 0 0 0 0 0 0 0 0 0 
88 >>  0 0 0 0 0 0 0 0 0 0 
89 >>  0 0 0 0 0 0 0 0 0 0 
90 >>  0 0 0 0 0 0 0 0 0 0 
91 >>  0 0 0 0 0 0 0 0 0 0 
92 >>  0 0 0 0 0 0 0 0 0 0 
93 >>  0 0 0 0 0 0 0 0 0 0 
94 >>  0 0 0 0 0 0 0 0 0 0 
95 >>  0 0 0 0 0 0 0 0 0 0 
96 >>  0 0 0 0 0 0 0 0 0 0 
97 >>  0 0 0 0 0 0 0 0 0 0 
98 >>  0 0 0 0 0 0 0 0 0 0 
99 >>  0 0 0 0 0 0 0 0 0 0 
100 >>  0 0 0 0 0 0 0 0 0 0 
101 >>  0 0 0 0 0 0 0 0 0 0 
102 >>  0 0 0 0 0 0 0 0 0 0 
103 >>  0 0 0 0 0 0 0 0 0 0 
104 >>  0 0 0 0 0 0 0 0 0 0 
105 >>  0 0 0 0 0 0 0 0 0 0 
106 >>  0 0 0 0 0 0 0 0 0 0 
107 >>  0 0 0 0 0 0 0 0 0 0 
108 >>  0 0 0 0 0 0 0 0 0 0 
109 >>  0 0 0 0 0 0 0 0 0 0 
110 >>  0 0 0 0 0 0 0 0 0 0 
111 >>  0 0 0 0 0 0 0 0 0 0 
112 >>  0 0 0 0 0 0 0 0 0 0 
113 >>  0 0 0 0 0 0 0 0 0 0 
114 >>  0 0 0 0 0 0 0 0 0 0 
115 >>  0 0 0 0 0 0 0 0 0 0 
116 >>  0 0 0 0 0 0 0 0 0 0 
117 >>  0 0 0 0 0 0 0 0 0 0 
118 >>  0 0 0 0 0 0 0 0 0 0 
119 >>  0 0 0 0 0 0 0 0 0 0 
120 >>  0 0 0 0 0 0 0 0 0 0 
121 >>  0 0 0 0 0 0 0 0 0 0 
122 >>  0 0 0 0 0 0 0 0 0 0 
123 >>  0 0 0 0 0 0 0 0 0 0 
124 >>  0 0 0 0 0 0 0 0 0 0 
125 >>  0 0 0 0 0 0 0 0 0 0 
126 >>  0 0 0 0 0 0 0 0 0 0 
127 >>  0 0 0 0 0 0 0 0 0 0 
128 >>  0 0 0 0 0 0 0 0 0 0 
129 >>  0 0 0 0 0 0 0 0 0 0 
130 >>  0 0 0 0 0 0 0 0 0 0 
131 >>  0 0 0 0 0 0 0 0 0 0 
132 >>  0 0 0 0 0 0 0 0 0 0 
133 >>  0 0 0 0 0 0 0 0 0 0 
134 >>  0 0 0 0 0 0 0 0 0 0 
135 >>  0 0 0 0 0 0 0 0 0 0 
136 >>  0 0 0 0 0 0 0 0 0 0 
137 >>  0 0 0 0 0 0 0 0 0 0 
138 >>  0 0 0 0 0 0 0 0 0 0 
139 >>  0 0 0 0 0 0 0 0 0 0 
140 >>  0 0 0 0 0 0 0 0 0 0 
141 >>  0 0 0 0 0 0 0 0 0 0 
142 >>  0 0 0 0 0 0 0 0 0 0 
143 >>  0 0 0 0 0 0 0 0 0 0 
144 >>  0 0 0 0 0 0 0 0 0 0 
145 >>  0 0 0 0 0 0 0 0 0 0 
146 >>  0 0 0 0 0 0 0 0 0 0 
147 >>  0 0 0 0 0 0 0 0 0 0 
148 >>  0 0 0 0 0 0 0 0 0 0 
149 >>  0 0 0 0 0 0 0 0 0 0 
150 >>  0 0 0 0 0 0 0 0 0 0 
151 >>  0 0 0 0 0 0 0 0 0 0 
152 >>  0 0 0 0 0 0 0 0 0 0 
153 >>  0 0 0 0 0 0 0 0 0 0 
154 >>  0 0 0 0 0 0 0 0 0 0 
155 >>  0 0 0 0 0 0 0 0 0 0 

2
1 >>  1 0 0 0 0 0 0 0 0 0 
2 >>  1 0 0 0 0 0 0 0 0 0 
3 >>  0 1 0 0 0 0 0 0 0 0 
4 >>  0 0 0 0 0 0 0 0 0 0 
5 >>  0 0 0 0 0 0 0 0 0 0 
6 >>  0 0 0 0 0 0 0 0 0 0 
7 >>  0 0 0 0 0 0 0 0 0 0 
8 >>  0 0 0 0 0 0 0 0 0 0 
9 >>  0 0 0 0 0 0 0 0 0 0 
10 >>  0 0 0 0 0 0 0 0 0 0 
11 >>  0 0 0 0 0 0 0 0 0 0 
12 >>  0 0 0 0 0 0 0 0 0 0 
13 >>  0 0 0 0 0 0 0 0 0 0 
14 >>  0 0 0 0 0 0 0 0 0 0 
15 >>  0 0 0 0 0 0 0 0 0 0 
16 >>  0 0 0 0 0 0 0 0 0 0 
17 >>  0 0 0 0 0 0 0 0 0 0 
18 >>  0 0 0 0 0 0 0 0 0 0 
19 >>  0 0 0 0 0 0 0 0 0 0 
20 >>  0 0 0 0 0 0 0 0 0 0 
21 >>  0 0 0 0 0 0 0 0 0 0 
22 >>  0 0 0 0 0 0 0 0 0 0 
23 >>  0 0 0 0 0 0 0 0 0 0 
24 >>  0 0 0 0 0 0 0 0 0 0 
25 >>  0 0 0 0 0 0 0 0 0 0 
26 >>  0 0 0 0 0 0 0 0 0 0 
27 >>  0 0 0 0 0 0 0 0 0 0 
28 >>  0 0 0 0 0 0 0 0 0 0 
29 >>  0 0 0 0 0 0 0 0 0 0 
30 >>  0 0 0 0 0 0 0 0 0 0 
31 >>  0 0 0 0 0 0 0 0 0 0 
32 >>  0 0 0 0 0 0 0 0 0 0 
33 >>  0 0 0 0 0 0 0 0 0 0 
34 >>  0 0 0 0 0 0 0 0 0 0 
35 >>  0 0 0 0 0 0 0 0 0 0 
36 >>  0 0 0 0 0 0 0 0 0 0 
37 >>  0 0 0 0 0 0 0 0 0 0 
38 >>  0 0 0 0 0 0 0 0 0 0 
39 >>  0 0 0 0 0 0 0 0 0 0 
40 >>  0 0 0 0 0 0 0 0 0 0 
41 >>  0 0 0 0 0 0 0 0 0 0 
42 >>  0 0 0 0 0 0 0 0 0 0 
43 >>  0 0 0 0 0 0 0 0 0 0 
44 >>  0 0 0 0 0 0 0 0 0 0 
45 >>  0 0 0 0 0 0 0 0 0 0 
46 >>  0 0 0 0 0 0 0 0 0 0 
47 >>  0 0 0 0 0 0 0 0 0 0 
48 >>  0 0 0 0 0 0 0 0 0 0 
49 >>  0 0 0 0 0 0 0 0 0 0 
50 >>  0 0 0 0 0 0 0 0 0 0 
51 >>  0 0 0 0 0 0 0 0 0 0 
52 >>  0 0 0 0 0 0 0 0 0 0 
53 >>  0 0 0 0 0 0 0 0 0 0 
54 >>  0 0 0 0 0 0 0 0 0 0 
55 >>  0 0 0 0 0 0 0 0 0 0 
56 >>  0 0 0 0 0 0 0 0 0 0 
57 >>  0 0 0 0 0 0 0 0 0 0 
58 >>  0 0 0 0 0 0 0 0 0 0 
59 >>  0 0 0 0 0 0 0 0 0 0 
60 >>  0 0 0 0 0 0 0 0 0 0 
61 >>  0 0 0 0 0 0 0 0 0 0 
62 >>  0 0 0 0 0 0 0 0 0 0 
63 >>  0 0 0 0 0 0 0 0 0 0 
64 >>  0 0 0 0 0 0 0 0 0 0 
65 >>  0 0 0 0 0 0 0 0 0 0 
66 >>  0 0 0 0 0 0 0 0 0 0 
67 >>  0 0 0 0 0 0 0 0 0 0 
68 >>  0 0 0 0 0 0 0 0 0 0 
69 >>  0 0 0 0 0 0 0 0 0 0 
70 >>  0 0 0 0 0 0 0 0 0 0 
71 >>  0 0 0 0 0 0 0 0 0 0 
72 >>  0 0 0 0 0 0 0 0 0 0 
73 >>  0 0 0 0 0 0 0 0 0 0 
74 >>  0 0 0 0 0 0 0 0 0 0 
75 >>  0 0 0 0 0 0 0 0 0 0 
76 >>  0 0 0 0 0 0 0 0 0 0 
77 >>  0 0 0 0 0 0 0 0 0 0 
78 >>  0 0 0 0 0 0 0 0 0 0 
79 >>  0 0 0 0 0 0 0 0 0 0 
80 >>  0 0 0 0 0 0 0 0 0 0 
81 >>  0 0 0 0 0 0 0 0 0 0 
82 >>  0 0 0 0 0 0 0 0 0 0 
83 >>  0 0 0 0 0 0 0 0 0 0 
84 >>  0 0 0 0 0 0 0 0 0 0 
85 >>  0 0 0 0 0 0 0 0 0 0 
86 >>  0 0 0 0 0 0 0 0 0 0 
87 >>  0 0 0 0 0 0 0 0 0 0 
88 >>  0 0 0 0 0 0 0 0 0 0 
89 >>  0 0 0 0 0 0 0 0 0 0 
90 >>  0 0 0 0 0 0 0 0 0 0 
91 >>  0 0 0 0 0 0 0 0 0 0 
92 >>  0 0 0 0 0 0 0 0 0 0 
93 >>  0 0 0 0 0 0 0 0 0 0 
94 >>  0 0 0 0 0 0 0 0 0 0 
95 >>  0 0 0 0 0 0 0 0 0 0 
96 >>  0 0 0 0 0 0 0 0 0 0 
97 >>  0 0 0 0 0 0 0 0 0 0 
98 >>  0 0 0 0 0 0 0 0 0 0 
99 >>  0 0 0 0 0 0 0 0 0 0 
100 >>  0 0 0 0 0 0 0 0 0 0 
101 >>  0 0 0 0 0 0 0 0 0 0 
102 >>  0 0 0 0 0 0 0 0 0 0 
103 >>  0 0 0 0 0 0 0 0 0 0 
104 >>  0 0 0 0 0 0 0 0 0 0 
105 >>  0 0 0 0 0 0 0 0 0 0 
106 >>  0 0 0 0 0 0 0 0 0 0 
107 >>  0 0 0 0 0 0 0 0 0 0 
108 >>  0 0 0 0 0 0 0 0 0 0 
109 >>  0 0 0 0 0 0 0 0 0 0 
110 >>  0 0 0 0 0 0 0 0 0 0 
111 >>  0 0 0 0 0 0 0 0 0 0 
112 >>  0 0 0 0 0 0 0 0 0 0 
113 >>  0 0 0 0 0 0 0 0 0 0 
114 >>  0 0 0 0 0 0 0 0 0 0 
115 >>  0 0 0 0 0 0 0 0 0 0 
116 >>  0 0 0 0 0 0 0 0 0 0 
117 >>  0 0 0 0 0 0 0 0 0 0 
118 >>  0 0 0 0 0 0 0 0 0 0 
119 >>  0 0 0 0 0 0 0 0 0 0 
120 >>  0 0 0 0 0 0 0 0 0 0 
121 >>  0 0 0 0 0 0 0 0 0 0 
122 >>  0 0 0 0 0 0 0 0 0 0 
123 >>  0 0 0 0 0 0 0 0 0 0 
124 >>  0 0 0 0 0 0 0 0 0 0 
125 >>  0 0 0 0 0 0 0 0 0 0 
126 >>  0 0 0 0 0 0 0 0 0 0 
127 >>  0 0 0 0 0 0 0 0 0 0 
128 >>  0 0 0 0 0 0 0 0 0 0 
129 >>  0 0 0 0 0 0 0 0 0 0 
130 >>  0 0 0 0 0 0 0 0 0 0 
131 >>  0 0 0 0 0 0 0 0 0 0 
132 >>  0 0 0 0 0 0 0 0 0 0 
133 >>  0 0 0 0 0 0 0 0 0 0 
134 >>  0 0 0 0 0 0 0 0 0 0 
135 >>  0 0 0 0 0 0 0 0 0 0 
136 >>  0 0 0 0 0 0 0 0 0 0 
137 >>  0 0 0 0 0 0 0 0 0 0 
138 >>  0 0 0 0 0 0 0 0 0 0 
139 >>  0 0 0 0 0 0 0 0 0 0 
140 >>  0 0 0 0 0 0 0 0 0 0 
141 >>  0 0 0 0 0 0 0 0 0 0 
142 >>  0 0 0 0 0 0 0 0 0 0 
143 >>  0 0 0 0 0 0 0 0 0 0 
144 >>  0 0 0 0 0 0 0 0 0 0 
145 >>  0 0 0 0 0 0 0 0 0 0 
146 >>  0 0 0 0 0 0 0 0 0 0 
147 >>  0 0 0 0 0 0 0 0 0 0 
148 >>  0 0 0 0 0 0 0 0 0 0 
149 >>  0 0 0 0 0 0 0 0 0 0 
150 >>  0 0 0 0 0 0 0 0 0 0 
151 >>  0 0 0 0 0 0 0 0 0 0 
152 >>  0 0 0 0 0 0 0 0 0 0 
153 >>  0 0 0 0 0 0 0 0 0 0 
154 >>  0 0 0 0 0 0 0 0 0 0 
155 >>  0 0 0 0 0 0 0 0 0 0 

3
1 >>  1 0 0 0 0 0 0 0 0 0 
2 >>  1 0 0 0 0 0 0 0 0 0 
3 >>  1 1 0 0 0 0 0 0 0 0 
4 >>  0 1 0 0 0 0 0 0 0 0 
5 >>  0 1 0 0 0 0 0 0 0 0 
6 >>  0 0 1 0 0 0 0 0 0 0 
7 >>  0 0 0 0 0 0 0 0 0 0 
8 >>  0 0 0 0 0 0 0 0 0 0 
9 >>  0 0 0 0 0 0 0 0 0 0 
10 >>  0 0 0 0 0 0 0 0 0 0 
11 >>  0 0 0 0 0 0 0 0 0 0 
12 >>  0 0 0 0 0 0 0 0 0 0 
13 >>  0 0 0 0 0 0 0 0 0 0 
14 >>  0 0 0 0 0 0 0 0 0 0 
15 >>  0 0 0 0 0 0 0 0 0 0 
16 >>  0 0 0 0 0 0 0 0 0 0 
17 >>  0 0 0 0 0 0 0 0 0 0 
18 >>  0 0 0 0 0 0 0 0 0 0 
19 >>  0 0 0 0 0 0 0 0 0 0 
20 >>  0 0 0 0 0 0 0 0 0 0 
21 >>  0 0 0 0 0 0 0 0 0 0 
22 >>  0 0 0 0 0 0 0 0 0 0 
23 >>  0 0 0 0 0 0 0 0 0 0 
24 >>  0 0 0 0 0 0 0 0 0 0 
25 >>  0 0 0 0 0 0 0 0 0 0 
26 >>  0 0 0 0 0 0 0 0 0 0 
27 >>  0 0 0 0 0 0 0 0 0 0 
28 >>  0 0 0 0 0 0 0 0 0 0 
29 >>  0 0 0 0 0 0 0 0 0 0 
30 >>  0 0 0 0 0 0 0 0 0 0 
31 >>  0 0 0 0 0 0 0 0 0 0 
32 >>  0 0 0 0 0 0 0 0 0 0 
33 >>  0 0 0 0 0 0 0 0 0 0 
34 >>  0 0 0 0 0 0 0 0 0 0 
35 >>  0 0 0 0 0 0 0 0 0 0 
36 >>  0 0 0 0 0 0 0 0 0 0 
37 >>  0 0 0 0 0 0 0 0 0 0 
38 >>  0 0 0 0 0 0 0 0 0 0 
39 >>  0 0 0 0 0 0 0 0 0 0 
40 >>  0 0 0 0 0 0 0 0 0 0 
41 >>  0 0 0 0 0 0 0 0 0 0 
42 >>  0 0 0 0 0 0 0 0 0 0 
43 >>  0 0 0 0 0 0 0 0 0 0 
44 >>  0 0 0 0 0 0 0 0 0 0 
45 >>  0 0 0 0 0 0 0 0 0 0 
46 >>  0 0 0 0 0 0 0 0 0 0 
47 >>  0 0 0 0 0 0 0 0 0 0 
48 >>  0 0 0 0 0 0 0 0 0 0 
49 >>  0 0 0 0 0 0 0 0 0 0 
50 >>  0 0 0 0 0 0 0 0 0 0 
51 >>  0 0 0 0 0 0 0 0 0 0 
52 >>  0 0 0 0 0 0 0 0 0 0 
53 >>  0 0 0 0 0 0 0 0 0 0 
54 >>  0 0 0 0 0 0 0 0 0 0 
55 >>  0 0 0 0 0 0 0 0 0 0 
56 >>  0 0 0 0 0 0 0 0 0 0 
57 >>  0 0 0 0 0 0 0 0 0 0 
58 >>  0 0 0 0 0 0 0 0 0 0 
59 >>  0 0 0 0 0 0 0 0 0 0 
60 >>  0 0 0 0 0 0 0 0 0 0 
61 >>  0 0 0 0 0 0 0 0 0 0 
62 >>  0 0 0 0 0 0 0 0 0 0 
63 >>  0 0 0 0 0 0 0 0 0 0 
64 >>  0 0 0 0 0 0 0 0 0 0 
65 >>  0 0 0 0 0 0 0 0 0 0 
66 >>  0 0 0 0 0 0 0 0 0 0 
67 >>  0 0 0 0 0 0 0 0 0 0 
68 >>  0 0 0 0 0 0 0 0 0 0 
69 >>  0 0 0 0 0 0 0 0 0 0 
70 >>  0 0 0 0 0 0 0 0 0 0 
71 >>  0 0 0 0 0 0 0 0 0 0 
72 >>  0 0 0 0 0 0 0 0 0 0 
73 >>  0 0 0 0 0 0 0 0 0 0 
74 >>  0 0 0 0 0 0 0 0 0 0 
75 >>  0 0 0 0 0 0 0 0 0 0 
76 >>  0 0 0 0 0 0 0 0 0 0 
77 >>  0 0 0 0 0 0 0 0 0 0 
78 >>  0 0 0 0 0 0 0 0 0 0 
79 >>  0 0 0 0 0 0 0 0 0 0 
80 >>  0 0 0 0 0 0 0 0 0 0 
81 >>  0 0 0 0 0 0 0 0 0 0 
82 >>  0 0 0 0 0 0 0 0 0 0 
83 >>  0 0 0 0 0 0 0 0 0 0 
84 >>  0 0 0 0 0 0 0 0 0 0 
85 >>  0 0 0 0 0 0 0 0 0 0 
86 >>  0 0 0 0 0 0 0 0 0 0 
87 >>  0 0 0 0 0 0 0 0 0 0 
88 >>  0 0 0 0 0 0 0 0 0 0 
89 >>  0 0 0 0 0 0 0 0 0 0 
90 >>  0 0 0 0 0 0 0 0 0 0 
91 >>  0 0 0 0 0 0 0 0 0 0 
92 >>  0 0 0 0 0 0 0 0 0 0 
93 >>  0 0 0 0 0 0 0 0 0 0 
94 >>  0 0 0 0 0 0 0 0 0 0 
95 >>  0 0 0 0 0 0 0 0 0 0 
96 >>  0 0 0 0 0 0 0 0 0 0 
97 >>  0 0 0 0 0 0 0 0 0 0 
98 >>  0 0 0 0 0 0 0 0 0 0 
99 >>  0 0 0 0 0 0 0 0 0 0 
100 >>  0 0 0 0 0 0 0 0 0 0 
101 >>  0 0 0 0 0 0 0 0 0 0 
102 >>  0 0 0 0 0 0 0 0 0 0 
103 >>  0 0 0 0 0 0 0 0 0 0 
104 >>  0 0 0 0 0 0 0 0 0 0 
105 >>  0 0 0 0 0 0 0 0 0 0 
106 >>  0 0 0 0 0 0 0 0 0 0 
107 >>  0 0 0 0 0 0 0 0 0 0 
108 >>  0 0 0 0 0 0 0 0 0 0 
109 >>  0 0 0 0 0 0 0 0 0 0 
110 >>  0 0 0 0 0 0 0 0 0 0 
111 >>  0 0 0 0 0 0 0 0 0 0 
112 >>  0 0 0 0 0 0 0 0 0 0 
113 >>  0 0 0 0 0 0 0 0 0 0 
114 >>  0 0 0 0 0 0 0 0 0 0 
115 >>  0 0 0 0 0 0 0 0 0 0 
116 >>  0 0 0 0 0 0 0 0 0 0 
117 >>  0 0 0 0 0 0 0 0 0 0 
118 >>  0 0 0 0 0 0 0 0 0 0 
119 >>  0 0 0 0 0 0 0 0 0 0 
120 >>  0 0 0 0 0 0 0 0 0 0 
121 >>  0 0 0 0 0 0 0 0 0 0 
122 >>  0 0 0 0 0 0 0 0 0 0 
123 >>  0 0 0 0 0 0 0 0 0 0 
124 >>  0 0 0 0 0 0 0 0 0 0 
125 >>  0 0 0 0 0 0 0 0 0 0 
126 >>  0 0 0 0 0 0 0 0 0 0 
127 >>  0 0 0 0 0 0 0 0 0 0 
128 >>  0 0 0 0 0 0 0 0 0 0 
129 >>  0 0 0 0 0 0 0 0 0 0 
130 >>  0 0 0 0 0 0 0 0 0 0 
131 >>  0 0 0 0 0 0 0 0 0 0 
132 >>  0 0 0 0 0 0 0 0 0 0 
133 >>  0 0 0 0 0 0 0 0 0 0 
134 >>  0 0 0 0 0 0 0 0 0 0 
135 >>  0 0 0 0 0 0 0 0 0 0 
136 >>  0 0 0 0 0 0 0 0 0 0 
137 >>  0 0 0 0 0 0 0 0 0 0 
138 >>  0 0 0 0 0 0 0 0 0 0 
139 >>  0 0 0 0 0 0 0 0 0 0 
140 >>  0 0 0 0 0 0 0 0 0 0 
141 >>  0 0 0 0 0 0 0 0 0 0 
142 >>  0 0 0 0 0 0 0 0 0 0 
143 >>  0 0 0 0 0 0 0 0 0 0 
144 >>  0 0 0 0 0 0 0 0 0 0 
145 >>  0 0 0 0 0 0 0 0 0 0 
146 >>  0 0 0 0 0 0 0 0 0 0 
147 >>  0 0 0 0 0 0 0 0 0 0 
148 >>  0 0 0 0 0 0 0 0 0 0 
149 >>  0 0 0 0 0 0 0 0 0 0 
150 >>  0 0 0 0 0 0 0 0 0 0 
151 >>  0 0 0 0 0 0 0 0 0 0 
152 >>  0 0 0 0 0 0 0 0 0 0 
153 >>  0 0 0 0 0 0 0 0 0 0 
154 >>  0 0 0 0 0 0 0 0 0 0 
155 >>  0 0 0 0 0 0 0 0 0 0 

4
1 >>  1 0 0 0 0 0 0 0 0 0 
2 >>  1 0 0 0 0 0 0 0 0 0 
3 >>  1 1 0 0 0 0 0 0 0 0 
4 >>  1 1 0 0 0 0 0 0 0 0 
5 >>  0 2 0 0 0 0 0 0 0 0 
6 >>  0 1 1 0 0 0 0 0 0 0 
7 >>  0 1 1 0 0 0 0 0 0 0 
8 >>  0 0 1 0 0 0 0 0 0 0 
9 >>  0 0 1 0 0 0 0 0 0 0 
10 >>  0 0 0 1 0 0 0 0 0 0 
11 >>  0 0 0 0 0 0 0 0 0 0 
12 >>  0 0 0 0 0 0 0 0 0 0 
13 >>  0 0 0 0 0 0 0 0 0 0 
14 >>  0 0 0 0 0 0 0 0 0 0 
15 >>  0 0 0 0 0 0 0 0 0 0 
16 >>  0 0 0 0 0 0 0 0 0 0 
17 >>  0 0 0 0 0 0 0 0 0 0 
18 >>  0 0 0 0 0 0 0 0 0 0 
19 >>  0 0 0 0 0 0 0 0 0 0 
20 >>  0 0 0 0 0 0 0 0 0 0 
21 >>  0 0 0 0 0 0 0 0 0 0 
22 >>  0 0 0 0 0 0 0 0 0 0 
23 >>  0 0 0 0 0 0 0 0 0 0 
24 >>  0 0 0 0 0 0 0 0 0 0 
25 >>  0 0 0 0 0 0 0 0 0 0 
26 >>  0 0 0 0 0 0 0 0 0 0 
27 >>  0 0 0 0 0 0 0 0 0 0 
28 >>  0 0 0 0 0 0 0 0 0 0 
29 >>  0 0 0 0 0 0 0 0 0 0 
30 >>  0 0 0 0 0 0 0 0 0 0 
31 >>  0 0 0 0 0 0 0 0 0 0 
32 >>  0 0 0 0 0 0 0 0 0 0 
33 >>  0 0 0 0 0 0 0 0 0 0 
34 >>  0 0 0 0 0 0 0 0 0 0 
35 >>  0 0 0 0 0 0 0 0 0 0 
36 >>  0 0 0 0 0 0 0 0 0 0 
37 >>  0 0 0 0 0 0 0 0 0 0 
38 >>  0 0 0 0 0 0 0 0 0 0 
39 >>  0 0 0 0 0 0 0 0 0 0 
40 >>  0 0 0 0 0 0 0 0 0 0 
41 >>  0 0 0 0 0 0 0 0 0 0 
42 >>  0 0 0 0 0 0 0 0 0 0 
43 >>  0 0 0 0 0 0 0 0 0 0 
44 >>  0 0 0 0 0 0 0 0 0 0 
45 >>  0 0 0 0 0 0 0 0 0 0 
46 >>  0 0 0 0 0 0 0 0 0 0 
47 >>  0 0 0 0 0 0 0 0 0 0 
48 >>  0 0 0 0 0 0 0 0 0 0 
49 >>  0 0 0 0 0 0 0 0 0 0 
50 >>  0 0 0 0 0 0 0 0 0 0 
51 >>  0 0 0 0 0 0 0 0 0 0 
52 >>  0 0 0 0 0 0 0 0 0 0 
53 >>  0 0 0 0 0 0 0 0 0 0 
54 >>  0 0 0 0 0 0 0 0 0 0 
55 >>  0 0 0 0 0 0 0 0 0 0 
56 >>  0 0 0 0 0 0 0 0 0 0 
57 >>  0 0 0 0 0 0 0 0 0 0 
58 >>  0 0 0 0 0 0 0 0 0 0 
59 >>  0 0 0 0 0 0 0 0 0 0 
60 >>  0 0 0 0 0 0 0 0 0 0 
61 >>  0 0 0 0 0 0 0 0 0 0 
62 >>  0 0 0 0 0 0 0 0 0 0 
63 >>  0 0 0 0 0 0 0 0 0 0 
64 >>  0 0 0 0 0 0 0 0 0 0 
65 >>  0 0 0 0 0 0 0 0 0 0 
66 >>  0 0 0 0 0 0 0 0 0 0 
67 >>  0 0 0 0 0 0 0 0 0 0 
68 >>  0 0 0 0 0 0 0 0 0 0 
69 >>  0 0 0 0 0 0 0 0 0 0 
70 >>  0 0 0 0 0 0 0 0 0 0 
71 >>  0 0 0 0 0 0 0 0 0 0 
72 >>  0 0 0 0 0 0 0 0 0 0 
73 >>  0 0 0 0 0 0 0 0 0 0 
74 >>  0 0 0 0 0 0 0 0 0 0 
75 >>  0 0 0 0 0 0 0 0 0 0 
76 >>  0 0 0 0 0 0 0 0 0 0 
77 >>  0 0 0 0 0 0 0 0 0 0 
78 >>  0 0 0 0 0 0 0 0 0 0 
79 >>  0 0 0 0 0 0 0 0 0 0 
80 >>  0 0 0 0 0 0 0 0 0 0 
81 >>  0 0 0 0 0 0 0 0 0 0 
82 >>  0 0 0 0 0 0 0 0 0 0 
83 >>  0 0 0 0 0 0 0 0 0 0 
84 >>  0 0 0 0 0 0 0 0 0 0 
85 >>  0 0 0 0 0 0 0 0 0 0 
86 >>  0 0 0 0 0 0 0 0 0 0 
87 >>  0 0 0 0 0 0 0 0 0 0 
88 >>  0 0 0 0 0 0 0 0 0 0 
89 >>  0 0 0 0 0 0 0 0 0 0 
90 >>  0 0 0 0 0 0 0 0 0 0 
91 >>  0 0 0 0 0 0 0 0 0 0 
92 >>  0 0 0 0 0 0 0 0 0 0 
93 >>  0 0 0 0 0 0 0 0 0 0 
94 >>  0 0 0 0 0 0 0 0 0 0 
95 >>  0 0 0 0 0 0 0 0 0 0 
96 >>  0 0 0 0 0 0 0 0 0 0 
97 >>  0 0 0 0 0 0 0 0 0 0 
98 >>  0 0 0 0 0 0 0 0 0 0 
99 >>  0 0 0 0 0 0 0 0 0 0 
100 >>  0 0 0 0 0 0 0 0 0 0 
101 >>  0 0 0 0 0 0 0 0 0 0 
102 >>  0 0 0 0 0 0 0 0 0 0 
103 >>  0 0 0 0 0 0 0 0 0 0 
104 >>  0 0 0 0 0 0 0 0 0 0 
105 >>  0 0 0 0 0 0 0 0 0 0 
106 >>  0 0 0 0 0 0 0 0 0 0 
107 >>  0 0 0 0 0 0 0 0 0 0 
108 >>  0 0 0 0 0 0 0 0 0 0 
109 >>  0 0 0 0 0 0 0 0 0 0 
110 >>  0 0 0 0 0 0 0 0 0 0 
111 >>  0 0 0 0 0 0 0 0 0 0 
112 >>  0 0 0 0 0 0 0 0 0 0 
113 >>  0 0 0 0 0 0 0 0 0 0 
114 >>  0 0 0 0 0 0 0 0 0 0 
115 >>  0 0 0 0 0 0 0 0 0 0 
116 >>  0 0 0 0 0 0 0 0 0 0 
117 >>  0 0 0 0 0 0 0 0 0 0 
118 >>  0 0 0 0 0 0 0 0 0 0 
119 >>  0 0 0 0 0 0 0 0 0 0 
120 >>  0 0 0 0 0 0 0 0 0 0 
121 >>  0 0 0 0 0 0 0 0 0 0 
122 >>  0 0 0 0 0 0 0 0 0 0 
123 >>  0 0 0 0 0 0 0 0 0 0 
124 >>  0 0 0 0 0 0 0 0 0 0 
125 >>  0 0 0 0 0 0 0 0 0 0 
126 >>  0 0 0 0 0 0 0 0 0 0 
127 >>  0 0 0 0 0 0 0 0 0 0 
128 >>  0 0 0 0 0 0 0 0 0 0 
129 >>  0 0 0 0 0 0 0 0 0 0 
130 >>  0 0 0 0 0 0 0 0 0 0 
131 >>  0 0 0 0 0 0 0 0 0 0 
132 >>  0 0 0 0 0 0 0 0 0 0 
133 >>  0 0 0 0 0 0 0 0 0 0 
134 >>  0 0 0 0 0 0 0 0 0 0 
135 >>  0 0 0 0 0 0 0 0 0 0 
136 >>  0 0 0 0 0 0 0 0 0 0 
137 >>  0 0 0 0 0 0 0 0 0 0 
138 >>  0 0 0 0 0 0 0 0 0 0 
139 >>  0 0 0 0 0 0 0 0 0 0 
140 >>  0 0 0 0 0 0 0 0 0 0 
141 >>  0 0 0 0 0 0 0 0 0 0 
142 >>  0 0 0 0 0 0 0 0 0 0 
143 >>  0 0 0 0 0 0 0 0 0 0 
144 >>  0 0 0 0 0 0 0 0 0 0 
145 >>  0 0 0 0 0 0 0 0 0 0 
146 >>  0 0 0 0 0 0 0 0 0 0 
147 >>  0 0 0 0 0 0 0 0 0 0 
148 >>  0 0 0 0 0 0 0 0 0 0 
149 >>  0 0 0 0 0 0 0 0 0 0 
150 >>  0 0 0 0 0 0 0 0 0 0 
151 >>  0 0 0 0 0 0 0 0 0 0 
152 >>  0 0 0 0 0 0 0 0 0 0 
153 >>  0 0 0 0 0 0 0 0 0 0 
154 >>  0 0 0 0 0 0 0 0 0 0 
155 >>  0 0 0 0 0 0 0 0 0 0 

5
1 >>  1 0 0 0 0 0 0 0 0 0 
2 >>  1 0 0 0 0 0 0 0 0 0 
3 >>  1 1 0 0 0 0 0 0 0 0 
4 >>  1 1 0 0 0 0 0 0 0 0 
5 >>  1 2 0 0 0 0 0 0 0 0 
6 >>  0 2 1 0 0 0 0 0 0 0 
7 >>  0 2 1 0 0 0 0 0 0 0 
8 >>  0 1 2 0 0 0 0 0 0 0 
9 >>  0 1 2 0 0 0 0 0 0 0 
10 >>  0 0 2 1 0 0 0 0 0 0 
11 >>  0 0 1 1 0 0 0 0 0 0 
12 >>  0 0 1 1 0 0 0 0 0 0 
13 >>  0 0 0 1 0 0 0 0 0 0 
14 >>  0 0 0 1 0 0 0 0 0 0 
15 >>  0 0 0 0 1 0 0 0 0 0 
16 >>  0 0 0 0 0 0 0 0 0 0 
17 >>  0 0 0 0 0 0 0 0 0 0 
18 >>  0 0 0 0 0 0 0 0 0 0 
19 >>  0 0 0 0 0 0 0 0 0 0 
20 >>  0 0 0 0 0 0 0 0 0 0 
21 >>  0 0 0 0 0 0 0 0 0 0 
22 >>  0 0 0 0 0 0 0 0 0 0 
23 >>  0 0 0 0 0 0 0 0 0 0 
24 >>  0 0 0 0 0 0 0 0 0 0 
25 >>  0 0 0 0 0 0 0 0 0 0 
26 >>  0 0 0 0 0 0 0 0 0 0 
27 >>  0 0 0 0 0 0 0 0 0 0 
28 >>  0 0 0 0 0 0 0 0 0 0 
29 >>  0 0 0 0 0 0 0 0 0 0 
30 >>  0 0 0 0 0 0 0 0 0 0 
31 >>  0 0 0 0 0 0 0 0 0 0 
32 >>  0 0 0 0 0 0 0 0 0 0 
33 >>  0 0 0 0 0 0 0 0 0 0 
34 >>  0 0 0 0 0 0 0 0 0 0 
35 >>  0 0 0 0 0 0 0 0 0 0 
36 >>  0 0 0 0 0 0 0 0 0 0 
37 >>  0 0 0 0 0 0 0 0 0 0 
38 >>  0 0 0 0 0 0 0 0 0 0 
39 >>  0 0 0 0 0 0 0 0 0 0 
40 >>  0 0 0 0 0 0 0 0 0 0 
41 >>  0 0 0 0 0 0 0 0 0 0 
42 >>  0 0 0 0 0 0 0 0 0 0 
43 >>  0 0 0 0 0 0 0 0 0 0 
44 >>  0 0 0 0 0 0 0 0 0 0 
45 >>  0 0 0 0 0 0 0 0 0 0 
46 >>  0 0 0 0 0 0 0 0 0 0 
47 >>  0 0 0 0 0 0 0 0 0 0 
48 >>  0 0 0 0 0 0 0 0 0 0 
49 >>  0 0 0 0 0 0 0 0 0 0 
50 >>  0 0 0 0 0 0 0 0 0 0 
51 >>  0 0 0 0 0 0 0 0 0 0 
52 >>  0 0 0 0 0 0 0 0 0 0 
53 >>  0 0 0 0 0 0 0 0 0 0 
54 >>  0 0 0 0 0 0 0 0 0 0 
55 >>  0 0 0 0 0 0 0 0 0 0 
56 >>  0 0 0 0 0 0 0 0 0 0 
57 >>  0 0 0 0 0 0 0 0 0 0 
58 >>  0 0 0 0 0 0 0 0 0 0 
59 >>  0 0 0 0 0 0 0 0 0 0 
60 >>  0 0 0 0 0 0 0 0 0 0 
61 >>  0 0 0 0 0 0 0 0 0 0 
62 >>  0 0 0 0 0 0 0 0 0 0 
63 >>  0 0 0 0 0 0 0 0 0 0 
64 >>  0 0 0 0 0 0 0 0 0 0 
65 >>  0 0 0 0 0 0 0 0 0 0 
66 >>  0 0 0 0 0 0 0 0 0 0 
67 >>  0 0 0 0 0 0 0 0 0 0 
68 >>  0 0 0 0 0 0 0 0 0 0 
69 >>  0 0 0 0 0 0 0 0 0 0 
70 >>  0 0 0 0 0 0 0 0 0 0 
71 >>  0 0 0 0 0 0 0 0 0 0 
72 >>  0 0 0 0 0 0 0 0 0 0 
73 >>  0 0 0 0 0 0 0 0 0 0 
74 >>  0 0 0 0 0 0 0 0 0 0 
75 >>  0 0 0 0 0 0 0 0 0 0 
76 >>  0 0 0 0 0 0 0 0 0 0 
77 >>  0 0 0 0 0 0 0 0 0 0 
78 >>  0 0 0 0 0 0 0 0 0 0 
79 >>  0 0 0 0 0 0 0 0 0 0 
80 >>  0 0 0 0 0 0 0 0 0 0 
81 >>  0 0 0 0 0 0 0 0 0 0 
82 >>  0 0 0 0 0 0 0 0 0 0 
83 >>  0 0 0 0 0 0 0 0 0 0 
84 >>  0 0 0 0 0 0 0 0 0 0 
85 >>  0 0 0 0 0 0 0 0 0 0 
86 >>  0 0 0 0 0 0 0 0 0 0 
87 >>  0 0 0 0 0 0 0 0 0 0 
88 >>  0 0 0 0 0 0 0 0 0 0 
89 >>  0 0 0 0 0 0 0 0 0 0 
90 >>  0 0 0 0 0 0 0 0 0 0 
91 >>  0 0 0 0 0 0 0 0 0 0 
92 >>  0 0 0 0 0 0 0 0 0 0 
93 >>  0 0 0 0 0 0 0 0 0 0 
94 >>  0 0 0 0 0 0 0 0 0 0 
95 >>  0 0 0 0 0 0 0 0 0 0 
96 >>  0 0 0 0 0 0 0 0 0 0 
97 >>  0 0 0 0 0 0 0 0 0 0 
98 >>  0 0 0 0 0 0 0 0 0 0 
99 >>  0 0 0 0 0 0 0 0 0 0 
100 >>  0 0 0 0 0 0 0 0 0 0 
101 >>  0 0 0 0 0 0 0 0 0 0 
102 >>  0 0 0 0 0 0 0 0 0 0 
103 >>  0 0 0 0 0 0 0 0 0 0 
104 >>  0 0 0 0 0 0 0 0 0 0 
105 >>  0 0 0 0 0 0 0 0 0 0 
106 >>  0 0 0 0 0 0 0 0 0 0 
107 >>  0 0 0 0 0 0 0 0 0 0 
108 >>  0 0 0 0 0 0 0 0 0 0 
109 >>  0 0 0 0 0 0 0 0 0 0 
110 >>  0 0 0 0 0 0 0 0 0 0 
111 >>  0 0 0 0 0 0 0 0 0 0 
112 >>  0 0 0 0 0 0 0 0 0 0 
113 >>  0 0 0 0 0 0 0 0 0 0 
114 >>  0 0 0 0 0 0 0 0 0 0 
115 >>  0 0 0 0 0 0 0 0 0 0 
116 >>  0 0 0 0 0 0 0 0 0 0 
117 >>  0 0 0 0 0 0 0 0 0 0 
118 >>  0 0 0 0 0 0 0 0 0 0 
119 >>  0 0 0 0 0 0 0 0 0 0 
120 >>  0 0 0 0 0 0 0 0 0 0 
121 >>  0 0 0 0 0 0 0 0 0 0 
122 >>  0 0 0 0 0 0 0 0 0 0 
123 >>  0 0 0 0 0 0 0 0 0 0 
124 >>  0 0 0 0 0 0 0 0 0 0 
125 >>  0 0 0 0 0 0 0 0 0 0 
126 >>  0 0 0 0 0 0 0 0 0 0 
127 >>  0 0 0 0 0 0 0 0 0 0 
128 >>  0 0 0 0 0 0 0 0 0 0 
129 >>  0 0 0 0 0 0 0 0 0 0 
130 >>  0 0 0 0 0 0 0 0 0 0 
131 >>  0 0 0 0 0 0 0 0 0 0 
132 >>  0 0 0 0 0 0 0 0 0 0 
133 >>  0 0 0 0 0 0 0 0 0 0 
134 >>  0 0 0 0 0 0 0 0 0 0 
135 >>  0 0 0 0 0 0 0 0 0 0 
136 >>  0 0 0 0 0 0 0 0 0 0 
137 >>  0 0 0 0 0 0 0 0 0 0 
138 >>  0 0 0 0 0 0 0 0 0 0 
139 >>  0 0 0 0 0 0 0 0 0 0 
140 >>  0 0 0 0 0 0 0 0 0 0 
141 >>  0 0 0 0 0 0 0 0 0 0 
142 >>  0 0 0 0 0 0 0 0 0 0 
143 >>  0 0 0 0 0 0 0 0 0 0 
144 >>  0 0 0 0 0 0 0 0 0 0 
145 >>  0 0 0 0 0 0 0 0 0 0 
146 >>  0 0 0 0 0 0 0 0 0 0 
147 >>  0 0 0 0 0 0 0 0 0 0 
148 >>  0 0 0 0 0 0 0 0 0 0 
149 >>  0 0 0 0 0 0 0 0 0 0 
150 >>  0 0 0 0 0 0 0 0 0 0 
151 >>  0 0 0 0 0 0 0 0 0 0 
152 >>  0 0 0 0 0 0 0 0 0 0 
153 >>  0 0 0 0 0 0 0 0 0 0 
154 >>  0 0 0 0 0 0 0 0 0 0 
155 >>  0 0 0 0 0 0 0 0 0 0 

6
1 >>  1 0 0 0 0 0 0 0 0 0 
2 >>  1 0 0 0 0 0 0 0 0 0 
3 >>  1 1 0 0 0 0 0 0 0 0 
4 >>  1 1 0 0 0 0 0 0 0 0 
5 >>  1 2 0 0 0 0 0 0 0 0 
6 >>  1 2 1 0 0 0 0 0 0 0 
7 >>  0 3 1 0 0 0 0 0 0 0 
8 >>  0 2 2 0 0 0 0 0 0 0 
9 >>  0 2 3 0 0 0 0 0 0 0 
10 >>  0 1 3 1 0 0 0 0 0 0 
11 >>  0 1 3 1 0 0 0 0 0 0 
12 >>  0 0 3 2 0 0 0 0 0 0 
13 >>  0 0 2 2 0 0 0 0 0 0 
14 >>  0 0 1 3 0 0 0 0 0 0 
15 >>  0 0 1 2 1 0 0 0 0 0 
16 >>  0 0 0 2 1 0 0 0 0 0 
17 >>  0 0 0 1 1 0 0 0 0 0 
18 >>  0 0 0 1 1 0 0 0 0 0 
19 >>  0 0 0 0 1 0 0 0 0 0 
20 >>  0 0 0 0 1 0 0 0 0 0 
21 >>  0 0 0 0 0 1 0 0 0 0 
22 >>  0 0 0 0 0 0 0 0 0 0 
23 >>  0 0 0 0 0 0 0 0 0 0 
24 >>  0 0 0 0 0 0 0 0 0 0 
25 >>  0 0 0 0 0 0 0 0 0 0 
26 >>  0 0 0 0 0 0 0 0 0 0 
27 >>  0 0 0 0 0 0 0 0 0 0 
28 >>  0 0 0 0 0 0 0 0 0 0 
29 >>  0 0 0 0 0 0 0 0 0 0 
30 >>  0 0 0 0 0 0 0 0 0 0 
31 >>  0 0 0 0 0 0 0 0 0 0 
32 >>  0 0 0 0 0 0 0 0 0 0 
33 >>  0 0 0 0 0 0 0 0 0 0 
34 >>  0 0 0 0 0 0 0 0 0 0 
35 >>  0 0 0 0 0 0 0 0 0 0 
36 >>  0 0 0 0 0 0 0 0 0 0 
37 >>  0 0 0 0 0 0 0 0 0 0 
38 >>  0 0 0 0 0 0 0 0 0 0 
39 >>  0 0 0 0 0 0 0 0 0 0 
40 >>  0 0 0 0 0 0 0 0 0 0 
41 >>  0 0 0 0 0 0 0 0 0 0 
42 >>  0 0 0 0 0 0 0 0 0 0 
43 >>  0 0 0 0 0 0 0 0 0 0 
44 >>  0 0 0 0 0 0 0 0 0 0 
45 >>  0 0 0 0 0 0 0 0 0 0 
46 >>  0 0 0 0 0 0 0 0 0 0 
47 >>  0 0 0 0 0 0 0 0 0 0 
48 >>  0 0 0 0 0 0 0 0 0 0 
49 >>  0 0 0 0 0 0 0 0 0 0 
50 >>  0 0 0 0 0 0 0 0 0 0 
51 >>  0 0 0 0 0 0 0 0 0 0 
52 >>  0 0 0 0 0 0 0 0 0 0 
53 >>  0 0 0 0 0 0 0 0 0 0 
54 >>  0 0 0 0 0 0 0 0 0 0 
55 >>  0 0 0 0 0 0 0 0 0 0 
56 >>  0 0 0 0 0 0 0 0 0 0 
57 >>  0 0 0 0 0 0 0 0 0 0 
58 >>  0 0 0 0 0 0 0 0 0 0 
59 >>  0 0 0 0 0 0 0 0 0 0 
60 >>  0 0 0 0 0 0 0 0 0 0 
61 >>  0 0 0 0 0 0 0 0 0 0 
62 >>  0 0 0 0 0 0 0 0 0 0 
63 >>  0 0 0 0 0 0 0 0 0 0 
64 >>  0 0 0 0 0 0 0 0 0 0 
65 >>  0 0 0 0 0 0 0 0 0 0 
66 >>  0 0 0 0 0 0 0 0 0 0 
67 >>  0 0 0 0 0 0 0 0 0 0 
68 >>  0 0 0 0 0 0 0 0 0 0 
69 >>  0 0 0 0 0 0 0 0 0 0 
70 >>  0 0 0 0 0 0 0 0 0 0 
71 >>  0 0 0 0 0 0 0 0 0 0 
72 >>  0 0 0 0 0 0 0 0 0 0 
73 >>  0 0 0 0 0 0 0 0 0 0 
74 >>  0 0 0 0 0 0 0 0 0 0 
75 >>  0 0 0 0 0 0 0 0 0 0 
76 >>  0 0 0 0 0 0 0 0 0 0 
77 >>  0 0 0 0 0 0 0 0 0 0 
78 >>  0 0 0 0 0 0 0 0 0 0 
79 >>  0 0 0 0 0 0 0 0 0 0 
80 >>  0 0 0 0 0 0 0 0 0 0 
81 >>  0 0 0 0 0 0 0 0 0 0 
82 >>  0 0 0 0 0 0 0 0 0 0 
83 >>  0 0 0 0 0 0 0 0 0 0 
84 >>  0 0 0 0 0 0 0 0 0 0 
85 >>  0 0 0 0 0 0 0 0 0 0 
86 >>  0 0 0 0 0 0 0 0 0 0 
87 >>  0 0 0 0 0 0 0 0 0 0 
88 >>  0 0 0 0 0 0 0 0 0 0 
89 >>  0 0 0 0 0 0 0 0 0 0 
90 >>  0 0 0 0 0 0 0 0 0 0 
91 >>  0 0 0 0 0 0 0 0 0 0 
92 >>  0 0 0 0 0 0 0 0 0 0 
93 >>  0 0 0 0 0 0 0 0 0 0 
94 >>  0 0 0 0 0 0 0 0 0 0 
95 >>  0 0 0 0 0 0 0 0 0 0 
96 >>  0 0 0 0 0 0 0 0 0 0 
97 >>  0 0 0 0 0 0 0 0 0 0 
98 >>  0 0 0 0 0 0 0 0 0 0 
99 >>  0 0 0 0 0 0 0 0 0 0 
100 >>  0 0 0 0 0 0 0 0 0 0 
101 >>  0 0 0 0 0 0 0 0 0 0 
102 >>  0 0 0 0 0 0 0 0 0 0 
103 >>  0 0 0 0 0 0 0 0 0 0 
104 >>  0 0 0 0 0 0 0 0 0 0 
105 >>  0 0 0 0 0 0 0 0 0 0 
106 >>  0 0 0 0 0 0 0 0 0 0 
107 >>  0 0 0 0 0 0 0 0 0 0 
108 >>  0 0 0 0 0 0 0 0 0 0 
109 >>  0 0 0 0 0 0 0 0 0 0 
110 >>  0 0 0 0 0 0 0 0 0 0 
111 >>  0 0 0 0 0 0 0 0 0 0 
112 >>  0 0 0 0 0 0 0 0 0 0 
113 >>  0 0 0 0 0 0 0 0 0 0 
114 >>  0 0 0 0 0 0 0 0 0 0 
115 >>  0 0 0 0 0 0 0 0 0 0 
116 >>  0 0 0 0 0 0 0 0 0 0 
117 >>  0 0 0 0 0 0 0 0 0 0 
118 >>  0 0 0 0 0 0 0 0 0 0 
119 >>  0 0 0 0 0 0 0 0 0 0 
120 >>  0 0 0 0 0 0 0 0 0 0 
121 >>  0 0 0 0 0 0 0 0 0 0 
122 >>  0 0 0 0 0 0 0 0 0 0 
123 >>  0 0 0 0 0 0 0 0 0 0 
124 >>  0 0 0 0 0 0 0 0 0 0 
125 >>  0 0 0 0 0 0 0 0 0 0 
126 >>  0 0 0 0 0 0 0 0 0 0 
127 >>  0 0 0 0 0 0 0 0 0 0 
128 >>  0 0 0 0 0 0 0 0 0 0 
129 >>  0 0 0 0 0 0 0 0 0 0 
130 >>  0 0 0 0 0 0 0 0 0 0 
131 >>  0 0 0 0 0 0 0 0 0 0 
132 >>  0 0 0 0 0 0 0 0 0 0 
133 >>  0 0 0 0 0 0 0 0 0 0 
134 >>  0 0 0 0 0 0 0 0 0 0 
135 >>  0 0 0 0 0 0 0 0 0 0 
136 >>  0 0 0 0 0 0 0 0 0 0 
137 >>  0 0 0 0 0 0 0 0 0 0 
138 >>  0 0 0 0 0 0 0 0 0 0 
139 >>  0 0 0 0 0 0 0 0 0 0 
140 >>  0 0 0 0 0 0 0 0 0 0 
141 >>  0 0 0 0 0 0 0 0 0 0 
142 >>  0 0 0 0 0 0 0 0 0 0 
143 >>  0 0 0 0 0 0 0 0 0 0 
144 >>  0 0 0 0 0 0 0 0 0 0 
145 >>  0 0 0 0 0 0 0 0 0 0 
146 >>  0 0 0 0 0 0 0 0 0 0 
147 >>  0 0 0 0 0 0 0 0 0 0 
148 >>  0 0 0 0 0 0 0 0 0 0 
149 >>  0 0 0 0 0 0 0 0 0 0 
150 >>  0 0 0 0 0 0 0 0 0 0 
151 >>  0 0 0 0 0 0 0 0 0 0 
152 >>  0 0 0 0 0 0 0 0 0 0 
153 >>  0 0 0 0 0 0 0 0 0 0 
154 >>  0 0 0 0 0 0 0 0 0 0 
155 >>  0 0 0 0 0 0 0 0 0 0 

7
1 >>  1 0 0 0 0 0 0 0 0 0 
2 >>  1 0 0 0 0 0 0 0 0 0 
3 >>  1 1 0 0 0 0 0 0 0 0 
4 >>  1 1 0 0 0 0 0 0 0 0 
5 >>  1 2 0 0 0 0 0 0 0 0 
6 >>  1 2 1 0 0 0 0 0 0 0 
7 >>  1 3 1 0 0 0 0 0 0 0 
8 >>  0 3 2 0 0 0 0 0 0 0 
9 >>  0 3 3 0 0 0 0 0 0 0 
10 >>  0 2 4 1 0 0 0 0 0 0 
11 >>  0 2 4 1 0 0 0 0 0 0 
12 >>  0 1 5 2 0 0 0 0 0 0 
13 >>  0 1 4 3 0 0 0 0 0 0 
14 >>  0 0 4 4 0 0 0 0 0 0 
15 >>  0 0 3 4 1 0 0 0 0 0 
16 >>  0 0 2 5 1 0 0 0 0 0 
17 >>  0 0 1 4 2 0 0 0 0 0 
18 >>  0 0 1 4 2 0 0 0 0 0 
19 >>  0 0 0 3 3 0 0 0 0 0 
20 >>  0 0 0 2 3 0 0 0 0 0 
21 >>  0 0 0 1 3 1 0 0 0 0 
22 >>  0 0 0 1 2 1 0 0 0 0 
23 >>  0 0 0 0 2 1 0 0 0 0 
24 >>  0 0 0 0 1 1 0 0 0 0 
25 >>  0 0 0 0 1 1 0 0 0 0 
26 >>  0 0 0 0 0 1 0 0 0 0 
27 >>  0 0 0 0 0 1 0 0 0 0 
28 >>  0 0 0 0 0 0 1 0 0 0 
29 >>  0 0 0 0 0 0 0 0 0 0 
30 >>  0 0 0 0 0 0 0 0 0 0 
31 >>  0 0 0 0 0 0 0 0 0 0 
32 >>  0 0 0 0 0 0 0 0 0 0 
33 >>  0 0 0 0 0 0 0 0 0 0 
34 >>  0 0 0 0 0 0 0 0 0 0 
35 >>  0 0 0 0 0 0 0 0 0 0 
36 >>  0 0 0 0 0 0 0 0 0 0 
37 >>  0 0 0 0 0 0 0 0 0 0 
38 >>  0 0 0 0 0 0 0 0 0 0 
39 >>  0 0 0 0 0 0 0 0 0 0 
40 >>  0 0 0 0 0 0 0 0 0 0 
41 >>  0 0 0 0 0 0 0 0 0 0 
42 >>  0 0 0 0 0 0 0 0 0 0 
43 >>  0 0 0 0 0 0 0 0 0 0 
44 >>  0 0 0 0 0 0 0 0 0 0 
45 >>  0 0 0 0 0 0 0 0 0 0 
46 >>  0 0 0 0 0 0 0 0 0 0 
47 >>  0 0 0 0 0 0 0 0 0 0 
48 >>  0 0 0 0 0 0 0 0 0 0 
49 >>  0 0 0 0 0 0 0 0 0 0 
50 >>  0 0 0 0 0 0 0 0 0 0 
51 >>  0 0 0 0 0 0 0 0 0 0 
52 >>  0 0 0 0 0 0 0 0 0 0 
53 >>  0 0 0 0 0 0 0 0 0 0 
54 >>  0 0 0 0 0 0 0 0 0 0 
55 >>  0 0 0 0 0 0 0 0 0 0 
56 >>  0 0 0 0 0 0 0 0 0 0 
57 >>  0 0 0 0 0 0 0 0 0 0 
58 >>  0 0 0 0 0 0 0 0 0 0 
59 >>  0 0 0 0 0 0 0 0 0 0 
60 >>  0 0 0 0 0 0 0 0 0 0 
61 >>  0 0 0 0 0 0 0 0 0 0 
62 >>  0 0 0 0 0 0 0 0 0 0 
63 >>  0 0 0 0 0 0 0 0 0 0 
64 >>  0 0 0 0 0 0 0 0 0 0 
65 >>  0 0 0 0 0 0 0 0 0 0 
66 >>  0 0 0 0 0 0 0 0 0 0 
67 >>  0 0 0 0 0 0 0 0 0 0 
68 >>  0 0 0 0 0 0 0 0 0 0 
69 >>  0 0 0 0 0 0 0 0 0 0 
70 >>  0 0 0 0 0 0 0 0 0 0 
71 >>  0 0 0 0 0 0 0 0 0 0 
72 >>  0 0 0 0 0 0 0 0 0 0 
73 >>  0 0 0 0 0 0 0 0 0 0 
74 >>  0 0 0 0 0 0 0 0 0 0 
75 >>  0 0 0 0 0 0 0 0 0 0 
76 >>  0 0 0 0 0 0 0 0 0 0 
77 >>  0 0 0 0 0 0 0 0 0 0 
78 >>  0 0 0 0 0 0 0 0 0 0 
79 >>  0 0 0 0 0 0 0 0 0 0 
80 >>  0 0 0 0 0 0 0 0 0 0 
81 >>  0 0 0 0 0 0 0 0 0 0 
82 >>  0 0 0 0 0 0 0 0 0 0 
83 >>  0 0 0 0 0 0 0 0 0 0 
84 >>  0 0 0 0 0 0 0 0 0 0 
85 >>  0 0 0 0 0 0 0 0 0 0 
86 >>  0 0 0 0 0 0 0 0 0 0 
87 >>  0 0 0 0 0 0 0 0 0 0 
88 >>  0 0 0 0 0 0 0 0 0 0 
89 >>  0 0 0 0 0 0 0 0 0 0 
90 >>  0 0 0 0 0 0 0 0 0 0 
91 >>  0 0 0 0 0 0 0 0 0 0 
92 >>  0 0 0 0 0 0 0 0 0 0 
93 >>  0 0 0 0 0 0 0 0 0 0 
94 >>  0 0 0 0 0 0 0 0 0 0 
95 >>  0 0 0 0 0 0 0 0 0 0 
96 >>  0 0 0 0 0 0 0 0 0 0 
97 >>  0 0 0 0 0 0 0 0 0 0 
98 >>  0 0 0 0 0 0 0 0 0 0 
99 >>  0 0 0 0 0 0 0 0 0 0 
100 >>  0 0 0 0 0 0 0 0 0 0 
101 >>  0 0 0 0 0 0 0 0 0 0 
102 >>  0 0 0 0 0 0 0 0 0 0 
103 >>  0 0 0 0 0 0 0 0 0 0 
104 >>  0 0 0 0 0 0 0 0 0 0 
105 >>  0 0 0 0 0 0 0 0 0 0 
106 >>  0 0 0 0 0 0 0 0 0 0 
107 >>  0 0 0 0 0 0 0 0 0 0 
108 >>  0 0 0 0 0 0 0 0 0 0 
109 >>  0 0 0 0 0 0 0 0 0 0 
110 >>  0 0 0 0 0 0 0 0 0 0 
111 >>  0 0 0 0 0 0 0 0 0 0 
112 >>  0 0 0 0 0 0 0 0 0 0 
113 >>  0 0 0 0 0 0 0 0 0 0 
114 >>  0 0 0 0 0 0 0 0 0 0 
115 >>  0 0 0 0 0 0 0 0 0 0 
116 >>  0 0 0 0 0 0 0 0 0 0 
117 >>  0 0 0 0 0 0 0 0 0 0 
118 >>  0 0 0 0 0 0 0 0 0 0 
119 >>  0 0 0 0 0 0 0 0 0 0 
120 >>  0 0 0 0 0 0 0 0 0 0 
121 >>  0 0 0 0 0 0 0 0 0 0 
122 >>  0 0 0 0 0 0 0 0 0 0 
123 >>  0 0 0 0 0 0 0 0 0 0 
124 >>  0 0 0 0 0 0 0 0 0 0 
125 >>  0 0 0 0 0 0 0 0 0 0 
126 >>  0 0 0 0 0 0 0 0 0 0 
127 >>  0 0 0 0 0 0 0 0 0 0 
128 >>  0 0 0 0 0 0 0 0 0 0 
129 >>  0 0 0 0 0 0 0 0 0 0 
130 >>  0 0 0 0 0 0 0 0 0 0 
131 >>  0 0 0 0 0 0 0 0 0 0 
132 >>  0 0 0 0 0 0 0 0 0 0 
133 >>  0 0 0 0 0 0 0 0 0 0 
134 >>  0 0 0 0 0 0 0 0 0 0 
135 >>  0 0 0 0 0 0 0 0 0 0 
136 >>  0 0 0 0 0 0 0 0 0 0 
137 >>  0 0 0 0 0 0 0 0 0 0 
138 >>  0 0 0 0 0 0 0 0 0 0 
139 >>  0 0 0 0 0 0 0 0 0 0 
140 >>  0 0 0 0 0 0 0 0 0 0 
141 >>  0 0 0 0 0 0 0 0 0 0 
142 >>  0 0 0 0 0 0 0 0 0 0 
143 >>  0 0 0 0 0 0 0 0 0 0 
144 >>  0 0 0 0 0 0 0 0 0 0 
145 >>  0 0 0 0 0 0 0 0 0 0 
146 >>  0 0 0 0 0 0 0 0 0 0 
147 >>  0 0 0 0 0 0 0 0 0 0 
148 >>  0 0 0 0 0 0 0 0 0 0 
149 >>  0 0 0 0 0 0 0 0 0 0 
150 >>  0 0 0 0 0 0 0 0 0 0 
151 >>  0 0 0 0 0 0 0 0 0 0 
152 >>  0 0 0 0 0 0 0 0 0 0 
153 >>  0 0 0 0 0 0 0 0 0 0 
154 >>  0 0 0 0 0 0 0 0 0 0 
155 >>  0 0 0 0 0 0 0 0 0 0 

8
1 >>  1 0 0 0 0 0 0 0 0 0 
2 >>  1 0 0 0 0 0 0 0 0 0 
3 >>  1 1 0 0 0 0 0 0 0 0 
4 >>  1 1 0 0 0 0 0 0 0 0 
5 >>  1 2 0 0 0 0 0 0 0 0 
6 >>  1 2 1 0 0 0 0 0 0 0 
7 >>  1 3 1 0 0 0 0 0 0 0 
8 >>  1 3 2 0 0 0 0 0 0 0 
9 >>  0 4 3 0 0 0 0 0 0 0 
10 >>  0 3 4 1 0 0 0 0 0 0 
11 >>  0 3 5 1 0 0 0 0 0 0 
12 >>  0 2 6 2 0 0 0 0 0 0 
13 >>  0 2 6 3 0 0 0 0 0 0 
14 >>  0 1 6 5 0 0 0 0 0 0 
15 >>  0 1 6 5 1 0 0 0 0 0 
16 >>  0 0 5 7 1 0 0 0 0 0 
17 >>  0 0 4 7 2 0 0 0 0 0 
18 >>  0 0 3 8 3 0 0 0 0 0 
19 >>  0 0 2 7 4 0 0 0 0 0 
20 >>  0 0 1 7 5 0 0 0 0 0 
21 >>  0 0 1 5 6 1 0 0 0 0 
22 >>  0 0 0 5 6 1 0 0 0 0 
23 >>  0 0 0 3 6 2 0 0 0 0 
24 >>  0 0 0 2 6 2 0 0 0 0 
25 >>  0 0 0 1 5 3 0 0 0 0 
26 >>  0 0 0 1 4 3 0 0 0 0 
27 >>  0 0 0 0 3 4 0 0 0 0 
28 >>  0 0 0 0 2 3 1 0 0 0 
29 >>  0 0 0 0 1 3 1 0 0 0 
30 >>  0 0 0 0 1 2 1 0 0 0 
31 >>  0 0 0 0 0 2 1 0 0 0 
32 >>  0 0 0 0 0 1 1 0 0 0 
33 >>  0 0 0 0 0 1 1 0 0 0 
34 >>  0 0 0 0 0 0 1 0 0 0 
35 >>  0 0 0 0 0 0 1 0 0 0 
36 >>  0 0 0 0 0 0 0 1 0 0 
37 >>  0 0 0 0 0 0 0 0 0 0 
38 >>  0 0 0 0 0 0 0 0 0 0 
39 >>  0 0 0 0 0 0 0 0 0 0 
40 >>  0 0 0 0 0 0 0 0 0 0 
41 >>  0 0 0 0 0 0 0 0 0 0 
42 >>  0 0 0 0 0 0 0 0 0 0 
43 >>  0 0 0 0 0 0 0 0 0 0 
44 >>  0 0 0 0 0 0 0 0 0 0 
45 >>  0 0 0 0 0 0 0 0 0 0 
46 >>  0 0 0 0 0 0 0 0 0 0 
47 >>  0 0 0 0 0 0 0 0 0 0 
48 >>  0 0 0 0 0 0 0 0 0 0 
49 >>  0 0 0 0 0 0 0 0 0 0 
50 >>  0 0 0 0 0 0 0 0 0 0 
51 >>  0 0 0 0 0 0 0 0 0 0 
52 >>  0 0 0 0 0 0 0 0 0 0 
53 >>  0 0 0 0 0 0 0 0 0 0 
54 >>  0 0 0 0 0 0 0 0 0 0 
55 >>  0 0 0 0 0 0 0 0 0 0 
56 >>  0 0 0 0 0 0 0 0 0 0 
57 >>  0 0 0 0 0 0 0 0 0 0 
58 >>  0 0 0 0 0 0 0 0 0 0 
59 >>  0 0 0 0 0 0 0 0 0 0 
60 >>  0 0 0 0 0 0 0 0 0 0 
61 >>  0 0 0 0 0 0 0 0 0 0 
62 >>  0 0 0 0 0 0 0 0 0 0 
63 >>  0 0 0 0 0 0 0 0 0 0 
64 >>  0 0 0 0 0 0 0 0 0 0 
65 >>  0 0 0 0 0 0 0 0 0 0 
66 >>  0 0 0 0 0 0 0 0 0 0 
67 >>  0 0 0 0 0 0 0 0 0 0 
68 >>  0 0 0 0 0 0 0 0 0 0 
69 >>  0 0 0 0 0 0 0 0 0 0 
70 >>  0 0 0 0 0 0 0 0 0 0 
71 >>  0 0 0 0 0 0 0 0 0 0 
72 >>  0 0 0 0 0 0 0 0 0 0 
73 >>  0 0 0 0 0 0 0 0 0 0 
74 >>  0 0 0 0 0 0 0 0 0 0 
75 >>  0 0 0 0 0 0 0 0 0 0 
76 >>  0 0 0 0 0 0 0 0 0 0 
77 >>  0 0 0 0 0 0 0 0 0 0 
78 >>  0 0 0 0 0 0 0 0 0 0 
79 >>  0 0 0 0 0 0 0 0 0 0 
80 >>  0 0 0 0 0 0 0 0 0 0 
81 >>  0 0 0 0 0 0 0 0 0 0 
82 >>  0 0 0 0 0 0 0 0 0 0 
83 >>  0 0 0 0 0 0 0 0 0 0 
84 >>  0 0 0 0 0 0 0 0 0 0 
85 >>  0 0 0 0 0 0 0 0 0 0 
86 >>  0 0 0 0 0 0 0 0 0 0 
87 >>  0 0 0 0 0 0 0 0 0 0 
88 >>  0 0 0 0 0 0 0 0 0 0 
89 >>  0 0 0 0 0 0 0 0 0 0 
90 >>  0 0 0 0 0 0 0 0 0 0 
91 >>  0 0 0 0 0 0 0 0 0 0 
92 >>  0 0 0 0 0 0 0 0 0 0 
93 >>  0 0 0 0 0 0 0 0 0 0 
94 >>  0 0 0 0 0 0 0 0 0 0 
95 >>  0 0 0 0 0 0 0 0 0 0 
96 >>  0 0 0 0 0 0 0 0 0 0 
97 >>  0 0 0 0 0 0 0 0 0 0 
98 >>  0 0 0 0 0 0 0 0 0 0 
99 >>  0 0 0 0 0 0 0 0 0 0 
100 >>  0 0 0 0 0 0 0 0 0 0 
101 >>  0 0 0 0 0 0 0 0 0 0 
102 >>  0 0 0 0 0 0 0 0 0 0 
103 >>  0 0 0 0 0 0 0 0 0 0 
104 >>  0 0 0 0 0 0 0 0 0 0 
105 >>  0 0 0 0 0 0 0 0 0 0 
106 >>  0 0 0 0 0 0 0 0 0 0 
107 >>  0 0 0 0 0 0 0 0 0 0 
108 >>  0 0 0 0 0 0 0 0 0 0 
109 >>  0 0 0 0 0 0 0 0 0 0 
110 >>  0 0 0 0 0 0 0 0 0 0 
111 >>  0 0 0 0 0 0 0 0 0 0 
112 >>  0 0 0 0 0 0 0 0 0 0 
113 >>  0 0 0 0 0 0 0 0 0 0 
114 >>  0 0 0 0 0 0 0 0 0 0 
115 >>  0 0 0 0 0 0 0 0 0 0 
116 >>  0 0 0 0 0 0 0 0 0 0 
117 >>  0 0 0 0 0 0 0 0 0 0 
118 >>  0 0 0 0 0 0 0 0 0 0 
119 >>  0 0 0 0 0 0 0 0 0 0 
120 >>  0 0 0 0 0 0 0 0 0 0 
121 >>  0 0 0 0 0 0 0 0 0 0 
122 >>  0 0 0 0 0 0 0 0 0 0 
123 >>  0 0 0 0 0 0 0 0 0 0 
124 >>  0 0 0 0 0 0 0 0 0 0 
125 >>  0 0 0 0 0 0 0 0 0 0 
126 >>  0 0 0 0 0 0 0 0 0 0 
127 >>  0 0 0 0 0 0 0 0 0 0 
128 >>  0 0 0 0 0 0 0 0 0 0 
129 >>  0 0 0 0 0 0 0 0 0 0 
130 >>  0 0 0 0 0 0 0 0 0 0 
131 >>  0 0 0 0 0 0 0 0 0 0 
132 >>  0 0 0 0 0 0 0 0 0 0 
133 >>  0 0 0 0 0 0 0 0 0 0 
134 >>  0 0 0 0 0 0 0 0 0 0 
135 >>  0 0 0 0 0 0 0 0 0 0 
136 >>  0 0 0 0 0 0 0 0 0 0 
137 >>  0 0 0 0 0 0 0 0 0 0 
138 >>  0 0 0 0 0 0 0 0 0 0 
139 >>  0 0 0 0 0 0 0 0 0 0 
140 >>  0 0 0 0 0 0 0 0 0 0 
141 >>  0 0 0 0 0 0 0 0 0 0 
142 >>  0 0 0 0 0 0 0 0 0 0 
143 >>  0 0 0 0 0 0 0 0 0 0 
144 >>  0 0 0 0 0 0 0 0 0 0 
145 >>  0 0 0 0 0 0 0 0 0 0 
146 >>  0 0 0 0 0 0 0 0 0 0 
147 >>  0 0 0 0 0 0 0 0 0 0 
148 >>  0 0 0 0 0 0 0 0 0 0 
149 >>  0 0 0 0 0 0 0 0 0 0 
150 >>  0 0 0 0 0 0 0 0 0 0 
151 >>  0 0 0 0 0 0 0 0 0 0 
152 >>  0 0 0 0 0 0 0 0 0 0 
153 >>  0 0 0 0 0 0 0 0 0 0 
154 >>  0 0 0 0 0 0 0 0 0 0 
155 >>  0 0 0 0 0 0 0 0 0 0 

9
1 >>  1 0 0 0 0 0 0 0 0 0 
2 >>  1 0 0 0 0 0 0 0 0 0 
3 >>  1 1 0 0 0 0 0 0 0 0 
4 >>  1 1 0 0 0 0 0 0 0 0 
5 >>  1 2 0 0 0 0 0 0 0 0 
6 >>  1 2 1 0 0 0 0 0 0 0 
7 >>  1 3 1 0 0 0 0 0 0 0 
8 >>  1 3 2 0 0 0 0 0 0 0 
9 >>  1 4 3 0 0 0 0 0 0 0 
10 >>  0 4 4 1 0 0 0 0 0 0 
11 >>  0 4 5 1 0 0 0 0 0 0 
12 >>  0 3 7 2 0 0 0 0 0 0 
13 >>  0 3 7 3 0 0 0 0 0 0 
14 >>  0 2 8 5 0 0 0 0 0 0 
15 >>  0 2 8 6 1 0 0 0 0 0 
16 >>  0 1 8 8 1 0 0 0 0 0 
17 >>  0 1 7 9 2 0 0 0 0 0 
18 >>  0 0 7 11 3 0 0 0 0 0 
19 >>  0 0 5 11 5 0 0 0 0 0 
20 >>  0 0 4 12 6 0 0 0 0 0 
21 >>  0 0 3 11 8 1 0 0 0 0 
22 >>  0 0 2 11 9 1 0 0 0 0 
23 >>  0 0 1 9 11 2 0 0 0 0 
24 >>  0 0 1 8 11 3 0 0 0 0 
25 >>  0 0 0 6 12 4 0 0 0 0 
26 >>  0 0 0 5 11 5 0 0 0 0 
27 >>  0 0 0 3 11 7 0 0 0 0 
28 >>  0 0 0 2 9 7 1 0 0 0 
29 >>  0 0 0 1 8 8 1 0 0 0 
30 >>  0 0 0 1 6 8 2 0 0 0 
31 >>  0 0 0 0 5 8 2 0 0 0 
32 >>  0 0 0 0 3 7 3 0 0 0 
33 >>  0 0 0 0 2 7 3 0 0 0 
34 >>  0 0 0 0 1 5 4 0 0 0 
35 >>  0 0 0 0 1 4 4 0 0 0 
36 >>  0 0 0 0 0 3 4 1 0 0 
37 >>  0 0 0 0 0 2 3 1 0 0 
38 >>  0 0 0 0 0 1 3 1 0 0 
39 >>  0 0 0 0 0 1 2 1 0 0 
40 >>  0 0 0 0 0 0 2 1 0 0 
41 >>  0 0 0 0 0 0 1 1 0 0 
42 >>  0 0 0 0 0 0 1 1 0 0 
43 >>  0 0 0 0 0 0 0 1 0 0 
44 >>  0 0 0 0 0 0 0 1 0 0 
45 >>  0 0 0 0 0 0 0 0 1 0 
46 >>  0 0 0 0 0 0 0 0 0 0 
47 >>  0 0 0 0 0 0 0 0 0 0 
48 >>  0 0 0 0 0 0 0 0 0 0 
49 >>  0 0 0 0 0 0 0 0 0 0 
50 >>  0 0 0 0 0 0 0 0 0 0 
51 >>  0 0 0 0 0 0 0 0 0 0 
52 >>  0 0 0 0 0 0 0 0 0 0 
53 >>  0 0 0 0 0 0 0 0 0 0 
54 >>  0 0 0 0 0 0 0 0 0 0 
55 >>  0 0 0 0 0 0 0 0 0 0 
56 >>  0 0 0 0 0 0 0 0 0 0 
57 >>  0 0 0 0 0 0 0 0 0 0 
58 >>  0 0 0 0 0 0 0 0 0 0 
59 >>  0 0 0 0 0 0 0 0 0 0 
60 >>  0 0 0 0 0 0 0 0 0 0 
61 >>  0 0 0 0 0 0 0 0 0 0 
62 >>  0 0 0 0 0 0 0 0 0 0 
63 >>  0 0 0 0 0 0 0 0 0 0 
64 >>  0 0 0 0 0 0 0 0 0 0 
65 >>  0 0 0 0 0 0 0 0 0 0 
66 >>  0 0 0 0 0 0 0 0 0 0 
67 >>  0 0 0 0 0 0 0 0 0 0 
68 >>  0 0 0 0 0 0 0 0 0 0 
69 >>  0 0 0 0 0 0 0 0 0 0 
70 >>  0 0 0 0 0 0 0 0 0 0 
71 >>  0 0 0 0 0 0 0 0 0 0 
72 >>  0 0 0 0 0 0 0 0 0 0 
73 >>  0 0 0 0 0 0 0 0 0 0 
74 >>  0 0 0 0 0 0 0 0 0 0 
75 >>  0 0 0 0 0 0 0 0 0 0 
76 >>  0 0 0 0 0 0 0 0 0 0 
77 >>  0 0 0 0 0 0 0 0 0 0 
78 >>  0 0 0 0 0 0 0 0 0 0 
79 >>  0 0 0 0 0 0 0 0 0 0 
80 >>  0 0 0 0 0 0 0 0 0 0 
81 >>  0 0 0 0 0 0 0 0 0 0 
82 >>  0 0 0 0 0 0 0 0 0 0 
83 >>  0 0 0 0 0 0 0 0 0 0 
84 >>  0 0 0 0 0 0 0 0 0 0 
85 >>  0 0 0 0 0 0 0 0 0 0 
86 >>  0 0 0 0 0 0 0 0 0 0 
87 >>  0 0 0 0 0 0 0 0 0 0 
88 >>  0 0 0 0 0 0 0 0 0 0 
89 >>  0 0 0 0 0 0 0 0 0 0 
90 >>  0 0 0 0 0 0 0 0 0 0 
91 >>  0 0 0 0 0 0 0 0 0 0 
92 >>  0 0 0 0 0 0 0 0 0 0 
93 >>  0 0 0 0 0 0 0 0 0 0 
94 >>  0 0 0 0 0 0 0 0 0 0 
95 >>  0 0 0 0 0 0 0 0 0 0 
96 >>  0 0 0 0 0 0 0 0 0 0 
97 >>  0 0 0 0 0 0 0 0 0 0 
98 >>  0 0 0 0 0 0 0 0 0 0 
99 >>  0 0 0 0 0 0 0 0 0 0 
100 >>  0 0 0 0 0 0 0 0 0 0 
101 >>  0 0 0 0 0 0 0 0 0 0 
102 >>  0 0 0 0 0 0 0 0 0 0 
103 >>  0 0 0 0 0 0 0 0 0 0 
104 >>  0 0 0 0 0 0 0 0 0 0 
105 >>  0 0 0 0 0 0 0 0 0 0 
106 >>  0 0 0 0 0 0 0 0 0 0 
107 >>  0 0 0 0 0 0 0 0 0 0 
108 >>  0 0 0 0 0 0 0 0 0 0 
109 >>  0 0 0 0 0 0 0 0 0 0 
110 >>  0 0 0 0 0 0 0 0 0 0 
111 >>  0 0 0 0 0 0 0 0 0 0 
112 >>  0 0 0 0 0 0 0 0 0 0 
113 >>  0 0 0 0 0 0 0 0 0 0 
114 >>  0 0 0 0 0 0 0 0 0 0 
115 >>  0 0 0 0 0 0 0 0 0 0 
116 >>  0 0 0 0 0 0 0 0 0 0 
117 >>  0 0 0 0 0 0 0 0 0 0 
118 >>  0 0 0 0 0 0 0 0 0 0 
119 >>  0 0 0 0 0 0 0 0 0 0 
120 >>  0 0 0 0 0 0 0 0 0 0 
121 >>  0 0 0 0 0 0 0 0 0 0 
122 >>  0 0 0 0 0 0 0 0 0 0 
123 >>  0 0 0 0 0 0 0 0 0 0 
124 >>  0 0 0 0 0 0 0 0 0 0 
125 >>  0 0 0 0 0 0 0 0 0 0 
126 >>  0 0 0 0 0 0 0 0 0 0 
127 >>  0 0 0 0 0 0 0 0 0 0 
128 >>  0 0 0 0 0 0 0 0 0 0 
129 >>  0 0 0 0 0 0 0 0 0 0 
130 >>  0 0 0 0 0 0 0 0 0 0 
131 >>  0 0 0 0 0 0 0 0 0 0 
132 >>  0 0 0 0 0 0 0 0 0 0 
133 >>  0 0 0 0 0 0 0 0 0 0 
134 >>  0 0 0 0 0 0 0 0 0 0 
135 >>  0 0 0 0 0 0 0 0 0 0 
136 >>  0 0 0 0 0 0 0 0 0 0 
137 >>  0 0 0 0 0 0 0 0 0 0 
138 >>  0 0 0 0 0 0 0 0 0 0 
139 >>  0 0 0 0 0 0 0 0 0 0 
140 >>  0 0 0 0 0 0 0 0 0 0 
141 >>  0 0 0 0 0 0 0 0 0 0 
142 >>  0 0 0 0 0 0 0 0 0 0 
143 >>  0 0 0 0 0 0 0 0 0 0 
144 >>  0 0 0 0 0 0 0 0 0 0 
145 >>  0 0 0 0 0 0 0 0 0 0 
146 >>  0 0 0 0 0 0 0 0 0 0 
147 >>  0 0 0 0 0 0 0 0 0 0 
148 >>  0 0 0 0 0 0 0 0 0 0 
149 >>  0 0 0 0 0 0 0 0 0 0 
150 >>  0 0 0 0 0 0 0 0 0 0 
151 >>  0 0 0 0 0 0 0 0 0 0 
152 >>  0 0 0 0 0 0 0 0 0 0 
153 >>  0 0 0 0 0 0 0 0 0 0 
154 >>  0 0 0 0 0 0 0 0 0 0 
155 >>  0 0 0 0 0 0 0 0 0 0 

10
1 >>  1 0 0 0 0 0 0 0 0 0 
2 >>  1 0 0 0 0 0 0 0 0 0 
3 >>  1 1 0 0 0 0 0 0 0 0 
4 >>  1 1 0 0 0 0 0 0 0 0 
5 >>  1 2 0 0 0 0 0 0 0 0 
6 >>  1 2 1 0 0 0 0 0 0 0 
7 >>  1 3 1 0 0 0 0 0 0 0 
8 >>  1 3 2 0 0 0 0 0 0 0 
9 >>  1 4 3 0 0 0 0 0 0 0 
10 >>  1 4 4 1 0 0 0 0 0 0 
11 >>  0 5 5 1 0 0 0 0 0 0 
12 >>  0 4 7 2 0 0 0 0 0 0 
13 >>  0 4 8 3 0 0 0 0 0 0 
14 >>  0 3 9 5 0 0 0 0 0 0 
15 >>  0 3 10 6 1 0 0 0 0 0 
16 >>  0 2 10 9 1 0 0 0 0 0 
17 >>  0 2 10 10 2 0 0 0 0 0 
18 >>  0 1 10 13 3 0 0 0 0 0 
19 >>  0 1 9 14 5 0 0 0 0 0 
20 >>  0 0 8 16 7 0 0 0 0 0 
21 >>  0 0 7 16 9 1 0 0 0 0 
22 >>  0 0 5 18 11 1 0 0 0 0 
23 >>  0 0 4 16 14 2 0 0 0 0 
24 >>  0 0 3 16 16 3 0 0 0 0 
25 >>  0 0 2 14 18 5 0 0 0 0 
26 >>  0 0 1 13 19 6 0 0 0 0 
27 >>  0 0 1 10 20 9 0 0 0 0 
28 >>  0 0 0 9 20 10 1 0 0 0 
29 >>  0 0 0 6 19 13 1 0 0 0 
30 >>  0 0 0 5 18 14 2 0 0 0 
31 >>  0 0 0 3 16 16 3 0 0 0 
32 >>  0 0 0 2 14 16 4 0 0 0 
33 >>  0 0 0 1 11 18 5 0 0 0 
34 >>  0 0 0 1 9 16 7 0 0 0 
35 >>  0 0 0 0 7 16 8 0 0 0 
36 >>  0 0 0 0 5 14 9 1 0 0 
37 >>  0 0 0 0 3 13 10 1 0 0 
38 >>  0 0 0 0 2 10 10 2 0 0 
39 >>  0 0 0 0 1 9 10 2 0 0 
40 >>  0 0 0 0 1 6 10 3 0 0 
41 >>  0 0 0 0 0 5 9 3 0 0 
42 >>  0 0 0 0 0 3 8 4 0 0 
43 >>  0 0 0 0 0 2 7 4 0 0 
44 >>  0 0 0 0 0 1 5 5 0 0 
45 >>  0 0 0 0 0 1 4 4 1 0 
46 >>  0 0 0 0 0 0 3 4 1 0 
47 >>  0 0 0 0 0 0 2 3 1 0 
48 >>  0 0 0 0 0 0 1 3 1 0 
49 >>  0 0 0 0 0 0 1 2 1 0 
50 >>  0 0 0 0 0 0 0 2 1 0 
51 >>  0 0 0 0 0 0 0 1 1 0 
52 >>  0 0 0 0 0 0 0 1 1 0 
53 >>  0 0 0 0 0 0 0 0 1 0 
54 >>  0 0 0 0 0 0 0 0 1 0 
55 >>  0 0 0 0 0 0 0 0 0 1 
56 >>  0 0 0 0 0 0 0 0 0 0 
57 >>  0 0 0 0 0 0 0 0 0 0 
58 >>  0 0 0 0 0 0 0 0 0 0 
59 >>  0 0 0 0 0 0 0 0 0 0 
60 >>  0 0 0 0 0 0 0 0 0 0 
61 >>  0 0 0 0 0 0 0 0 0 0 
62 >>  0 0 0 0 0 0 0 0 0 0 
63 >>  0 0 0 0 0 0 0 0 0 0 
64 >>  0 0 0 0 0 0 0 0 0 0 
65 >>  0 0 0 0 0 0 0 0 0 0 
66 >>  0 0 0 0 0 0 0 0 0 0 
67 >>  0 0 0 0 0 0 0 0 0 0 
68 >>  0 0 0 0 0 0 0 0 0 0 
69 >>  0 0 0 0 0 0 0 0 0 0 
70 >>  0 0 0 0 0 0 0 0 0 0 
71 >>  0 0 0 0 0 0 0 0 0 0 
72 >>  0 0 0 0 0 0 0 0 0 0 
73 >>  0 0 0 0 0 0 0 0 0 0 
74 >>  0 0 0 0 0 0 0 0 0 0 
75 >>  0 0 0 0 0 0 0 0 0 0 
76 >>  0 0 0 0 0 0 0 0 0 0 
77 >>  0 0 0 0 0 0 0 0 0 0 
78 >>  0 0 0 0 0 0 0 0 0 0 
79 >>  0 0 0 0 0 0 0 0 0 0 
80 >>  0 0 0 0 0 0 0 0 0 0 
81 >>  0 0 0 0 0 0 0 0 0 0 
82 >>  0 0 0 0 0 0 0 0 0 0 
83 >>  0 0 0 0 0 0 0 0 0 0 
84 >>  0 0 0 0 0 0 0 0 0 0 
85 >>  0 0 0 0 0 0 0 0 0 0 
86 >>  0 0 0 0 0 0 0 0 0 0 
87 >>  0 0 0 0 0 0 0 0 0 0 
88 >>  0 0 0 0 0 0 0 0 0 0 
89 >>  0 0 0 0 0 0 0 0 0 0 
90 >>  0 0 0 0 0 0 0 0 0 0 
91 >>  0 0 0 0 0 0 0 0 0 0 
92 >>  0 0 0 0 0 0 0 0 0 0 
93 >>  0 0 0 0 0 0 0 0 0 0 
94 >>  0 0 0 0 0 0 0 0 0 0 
95 >>  0 0 0 0 0 0 0 0 0 0 
96 >>  0 0 0 0 0 0 0 0 0 0 
97 >>  0 0 0 0 0 0 0 0 0 0 
98 >>  0 0 0 0 0 0 0 0 0 0 
99 >>  0 0 0 0 0 0 0 0 0 0 
100 >>  0 0 0 0 0 0 0 0 0 0 
101 >>  0 0 0 0 0 0 0 0 0 0 
102 >>  0 0 0 0 0 0 0 0 0 0 
103 >>  0 0 0 0 0 0 0 0 0 0 
104 >>  0 0 0 0 0 0 0 0 0 0 
105 >>  0 0 0 0 0 0 0 0 0 0 
106 >>  0 0 0 0 0 0 0 0 0 0 
107 >>  0 0 0 0 0 0 0 0 0 0 
108 >>  0 0 0 0 0 0 0 0 0 0 
109 >>  0 0 0 0 0 0 0 0 0 0 
110 >>  0 0 0 0 0 0 0 0 0 0 
111 >>  0 0 0 0 0 0 0 0 0 0 
112 >>  0 0 0 0 0 0 0 0 0 0 
113 >>  0 0 0 0 0 0 0 0 0 0 
114 >>  0 0 0 0 0 0 0 0 0 0 
115 >>  0 0 0 0 0 0 0 0 0 0 
116 >>  0 0 0 0 0 0 0 0 0 0 
117 >>  0 0 0 0 0 0 0 0 0 0 
118 >>  0 0 0 0 0 0 0 0 0 0 
119 >>  0 0 0 0 0 0 0 0 0 0 
120 >>  0 0 0 0 0 0 0 0 0 0 
121 >>  0 0 0 0 0 0 0 0 0 0 
122 >>  0 0 0 0 0 0 0 0 0 0 
123 >>  0 0 0 0 0 0 0 0 0 0 
124 >>  0 0 0 0 0 0 0 0 0 0 
125 >>  0 0 0 0 0 0 0 0 0 0 
126 >>  0 0 0 0 0 0 0 0 0 0 
127 >>  0 0 0 0 0 0 0 0 0 0 
128 >>  0 0 0 0 0 0 0 0 0 0 
129 >>  0 0 0 0 0 0 0 0 0 0 
130 >>  0 0 0 0 0 0 0 0 0 0 
131 >>  0 0 0 0 0 0 0 0 0 0 
132 >>  0 0 0 0 0 0 0 0 0 0 
133 >>  0 0 0 0 0 0 0 0 0 0 
134 >>  0 0 0 0 0 0 0 0 0 0 
135 >>  0 0 0 0 0 0 0 0 0 0 
136 >>  0 0 0 0 0 0 0 0 0 0 
137 >>  0 0 0 0 0 0 0 0 0 0 
138 >>  0 0 0 0 0 0 0 0 0 0 
139 >>  0 0 0 0 0 0 0 0 0 0 
140 >>  0 0 0 0 0 0 0 0 0 0 
141 >>  0 0 0 0 0 0 0 0 0 0 
142 >>  0 0 0 0 0 0 0 0 0 0 
143 >>  0 0 0 0 0 0 0 0 0 0 
144 >>  0 0 0 0 0 0 0 0 0 0 
145 >>  0 0 0 0 0 0 0 0 0 0 
146 >>  0 0 0 0 0 0 0 0 0 0 
147 >>  0 0 0 0 0 0 0 0 0 0 
148 >>  0 0 0 0 0 0 0 0 0 0 
149 >>  0 0 0 0 0 0 0 0 0 0 
150 >>  0 0 0 0 0 0 0 0 0 0 
151 >>  0 0 0 0 0 0 0 0 0 0 
152 >>  0 0 0 0 0 0 0 0 0 0 
153 >>  0 0 0 0 0 0 0 0 0 0 
154 >>  0 0 0 0 0 0 0 0 0 0 
155 >>  0 0 0 0 0 0 0 0 0 0 

11
1 >>  1 0 0 0 0 0 0 0 0 0 
2 >>  1 0 0 0 0 0 0 0 0 0 
3 >>  1 1 0 0 0 0 0 0 0 0 
4 >>  1 1 0 0 0 0 0 0 0 0 
5 >>  1 2 0 0 0 0 0 0 0 0 
6 >>  1 2 1 0 0 0 0 0 0 0 
7 >>  1 3 1 0 0 0 0 0 0 0 
8 >>  1 3 2 0 0 0 0 0 0 0 
9 >>  1 4 3 0 0 0 0 0 0 0 
10 >>  1 4 4 1 0 0 0 0 0 0 
11 >>  1 5 5 1 0 0 0 0 0 0 
12 >>  0 5 7 2 0 0 0 0 0 0 
13 >>  0 5 8 3 0 0 0 0 0 0 
14 >>  0 4 10 5 0 0 0 0 0 0 
15 >>  0 4 11 6 1 0 0 0 0 0 
16 >>  0 3 12 9 1 0 0 0 0 0 
17 >>  0 3 12 11 2 0 0 0 0 0 
18 >>  0 2 13 14 3 0 0 0 0 0 
19 >>  0 2 12 16 5 0 0 0 0 0 
20 >>  0 1 12 19 7 0 0 0 0 0 
21 >>  0 1 11 20 10 1 0 0 0 0 
22 >>  0 0 10 23 12 1 0 0 0 0 
23 >>  0 0 8 23 16 2 0 0 0 0 
24 >>  0 0 7 24 19 3 0 0 0 0 
25 >>  0 0 5 23 23 5 0 0 0 0 
26 >>  0 0 4 23 25 7 0 0 0 0 
27 >>  0 0 3 20 29 10 0 0 0 0 
28 >>  0 0 2 19 30 12 1 0 0 0 
29 >>  0 0 1 16 32 16 1 0 0 0 
30 >>  0 0 1 14 32 19 2 0 0 0 
31 >>  0 0 0 11 32 23 3 0 0 0 
32 >>  0 0 0 9 30 25 5 0 0 0 
33 >>  0 0 0 6 29 29 6 0 0 0 
34 >>  0 0 0 5 25 30 9 0 0 0 
35 >>  0 0 0 3 23 32 11 0 0 0 
36 >>  0 0 0 2 19 32 14 1 0 0 
37 >>  0 0 0 1 16 32 16 1 0 0 
38 >>  0 0 0 1 12 30 19 2 0 0 
39 >>  0 0 0 0 10 29 20 3 0 0 
40 >>  0 0 0 0 7 25 23 4 0 0 
41 >>  0 0 0 0 5 23 23 5 0 0 
42 >>  0 0 0 0 3 19 24 7 0 0 
43 >>  0 0 0 0 2 16 23 8 0 0 
44 >>  0 0 0 0 1 12 23 10 0 0 
45 >>  0 0 0 0 1 10 20 11 1 0 
46 >>  0 0 0 0 0 7 19 12 1 0 
47 >>  0 0 0 0 0 5 16 12 2 0 
48 >>  0 0 0 0 0 3 14 13 2 0 
49 >>  0 0 0 0 0 2 11 12 3 0 
50 >>  0 0 0 0 0 1 9 12 3 0 
51 >>  0 0 0 0 0 1 6 11 4 0 
52 >>  0 0 0 0 0 0 5 10 4 0 
53 >>  0 0 0 0 0 0 3 8 5 0 
54 >>  0 0 0 0 0 0 2 7 5 0 
55 >>  0 0 0 0 0 0 1 5 5 1 
56 >>  0 0 0 0 0 0 1 4 4 1 
57 >>  0 0 0 0 0 0 0 3 4 1 
58 >>  0 0 0 0 0 0 0 2 3 1 
59 >>  0 0 0 0 0 0 0 1 3 1 
60 >>  0 0 0 0 0 0 0 1 2 1 
61 >>  0 0 0 0 0 0 0 0 2 1 
62 >>  0 0 0 0 0 0 0 0 1 1 
63 >>  0 0 0 0 0 0 0 0 1 1 
64 >>  0 0 0 0 0 0 0 0 0 1 
65 >>  0 0 0 0 0 0 0 0 0 1 
66 >>  0 0 0 0 0 0 0 0 0 0 
67 >>  0 0 0 0 0 0 0 0 0 0 
68 >>  0 0 0 0 0 0 0 0 0 0 
69 >>  0 0 0 0 0 0 0 0 0 0 
70 >>  0 0 0 0 0 0 0 0 0 0 
71 >>  0 0 0 0 0 0 0 0 0 0 
72 >>  0 0 0 0 0 0 0 0 0 0 
73 >>  0 0 0 0 0 0 0 0 0 0 
74 >>  0 0 0 0 0 0 0 0 0 0 
75 >>  0 0 0 0 0 0 0 0 0 0 
76 >>  0 0 0 0 0 0 0 0 0 0 
77 >>  0 0 0 0 0 0 0 0 0 0 
78 >>  0 0 0 0 0 0 0 0 0 0 
79 >>  0 0 0 0 0 0 0 0 0 0 
80 >>  0 0 0 0 0 0 0 0 0 0 
81 >>  0 0 0 0 0 0 0 0 0 0 
82 >>  0 0 0 0 0 0 0 0 0 0 
83 >>  0 0 0 0 0 0 0 0 0 0 
84 >>  0 0 0 0 0 0 0 0 0 0 
85 >>  0 0 0 0 0 0 0 0 0 0 
86 >>  0 0 0 0 0 0 0 0 0 0 
87 >>  0 0 0 0 0 0 0 0 0 0 
88 >>  0 0 0 0 0 0 0 0 0 0 
89 >>  0 0 0 0 0 0 0 0 0 0 
90 >>  0 0 0 0 0 0 0 0 0 0 
91 >>  0 0 0 0 0 0 0 0 0 0 
92 >>  0 0 0 0 0 0 0 0 0 0 
93 >>  0 0 0 0 0 0 0 0 0 0 
94 >>  0 0 0 0 0 0 0 0 0 0 
95 >>  0 0 0 0 0 0 0 0 0 0 
96 >>  0 0 0 0 0 0 0 0 0 0 
97 >>  0 0 0 0 0 0 0 0 0 0 
98 >>  0 0 0 0 0 0 0 0 0 0 
99 >>  0 0 0 0 0 0 0 0 0 0 
100 >>  0 0 0 0 0 0 0 0 0 0 
101 >>  0 0 0 0 0 0 0 0 0 0 
102 >>  0 0 0 0 0 0 0 0 0 0 
103 >>  0 0 0 0 0 0 0 0 0 0 
104 >>  0 0 0 0 0 0 0 0 0 0 
105 >>  0 0 0 0 0 0 0 0 0 0 
106 >>  0 0 0 0 0 0 0 0 0 0 
107 >>  0 0 0 0 0 0 0 0 0 0 
108 >>  0 0 0 0 0 0 0 0 0 0 
109 >>  0 0 0 0 0 0 0 0 0 0 
110 >>  0 0 0 0 0 0 0 0 0 0 
111 >>  0 0 0 0 0 0 0 0 0 0 
112 >>  0 0 0 0 0 0 0 0 0 0 
113 >>  0 0 0 0 0 0 0 0 0 0 
114 >>  0 0 0 0 0 0 0 0 0 0 
115 >>  0 0 0 0 0 0 0 0 0 0 
116 >>  0 0 0 0 0 0 0 0 0 0 
117 >>  0 0 0 0 0 0 0 0 0 0 
118 >>  0 0 0 0 0 0 0 0 0 0 
119 >>  0 0 0 0 0 0 0 0 0 0 
120 >>  0 0 0 0 0 0 0 0 0 0 
121 >>  0 0 0 0 0 0 0 0 0 0 
122 >>  0 0 0 0 0 0 0 0 0 0 
123 >>  0 0 0 0 0 0 0 0 0 0 
124 >>  0 0 0 0 0 0 0 0 0 0 
125 >>  0 0 0 0 0 0 0 0 0 0 
126 >>  0 0 0 0 0 0 0 0 0 0 
127 >>  0 0 0 0 0 0 0 0 0 0 
128 >>  0 0 0 0 0 0 0 0 0 0 
129 >>  0 0 0 0 0 0 0 0 0 0 
130 >>  0 0 0 0 0 0 0 0 0 0 
131 >>  0 0 0 0 0 0 0 0 0 0 
132 >>  0 0 0 0 0 0 0 0 0 0 
133 >>  0 0 0 0 0 0 0 0 0 0 
134 >>  0 0 0 0 0 0 0 0 0 0 
135 >>  0 0 0 0 0 0 0 0 0 0 
136 >>  0 0 0 0 0 0 0 0 0 0 
137 >>  0 0 0 0 0 0 0 0 0 0 
138 >>  0 0 0 0 0 0 0 0 0 0 
139 >>  0 0 0 0 0 0 0 0 0 0 
140 >>  0 0 0 0 0 0 0 0 0 0 
141 >>  0 0 0 0 0 0 0 0 0 0 
142 >>  0 0 0 0 0 0 0 0 0 0 
143 >>  0 0 0 0 0 0 0 0 0 0 
144 >>  0 0 0 0 0 0 0 0 0 0 
145 >>  0 0 0 0 0 0 0 0 0 0 
146 >>  0 0 0 0 0 0 0 0 0 0 
147 >>  0 0 0 0 0 0 0 0 0 0 
148 >>  0 0 0 0 0 0 0 0 0 0 
149 >>  0 0 0 0 0 0 0 0 0 0 
150 >>  0 0 0 0 0 0 0 0 0 0 
151 >>  0 0 0 0 0 0 0 0 0 0 
152 >>  0 0 0 0 0 0 0 0 0 0 
153 >>  0 0 0 0 0 0 0 0 0 0 
154 >>  0 0 0 0 0 0 0 0 0 0 
155 >>  0 0 0 0 0 0 0 0 0 0 

12
1 >>  1 0 0 0 0 0 0 0 0 0 
2 >>  1 0 0 0 0 0 0 0 0 0 
3 >>  1 1 0 0 0 0 0 0 0 0 
4 >>  1 1 0 0 0 0 0 0 0 0 
5 >>  1 2 0 0 0 0 0 0 0 0 
6 >>  1 2 1 0 0 0 0 0 0 0 
7 >>  1 3 1 0 0 0 0 0 0 0 
8 >>  1 3 2 0 0 0 0 0 0 0 
9 >>  1 4 3 0 0 0 0 0 0 0 
10 >>  1 4 4 1 0 0 0 0 0 0 
11 >>  1 5 5 1 0 0 0 0 0 0 
12 >>  1 5 7 2 0 0 0 0 0 0 
13 >>  0 6 8 3 0 0 0 0 0 0 
14 >>  0 5 10 5 0 0 0 0 0 0 
15 >>  0 5 12 6 1 0 0 0 0 0 
16 >>  0 4 13 9 1 0 0 0 0 0 
17 >>  0 4 14 11 2 0 0 0 0 0 
18 >>  0 3 15 15 3 0 0 0 0 0 
19 >>  0 3 15 17 5 0 0 0 0 0 
20 >>  0 2 15 21 7 0 0 0 0 0 
21 >>  0 2 15 23 10 1 0 0 0 0 
22 >>  0 1 14 27 13 1 0 0 0 0 
23 >>  0 1 13 28 17 2 0 0 0 0 
24 >>  0 0 12 31 21 3 0 0 0 0 
25 >>  0 0 10 31 26 5 0 0 0 0 
26 >>  0 0 8 33 30 7 0 0 0 0 
27 >>  0 0 7 31 35 11 0 0 0 0 
28 >>  0 0 5 31 39 13 1 0 0 0 
29 >>  0 0 4 28 43 18 1 0 0 0 
30 >>  0 0 3 27 46 22 2 0 0 0 
31 >>  0 0 2 23 48 28 3 0 0 0 
32 >>  0 0 1 21 49 32 5 0 0 0 
33 >>  0 0 1 17 49 39 7 0 0 0 
34 >>  0 0 0 15 48 42 10 0 0 0 
35 >>  0 0 0 11 46 48 13 0 0 0 
36 >>  0 0 0 9 43 51 17 1 0 0 
37 >>  0 0 0 6 39 55 21 1 0 0 
38 >>  0 0 0 5 35 55 26 2 0 0 
39 >>  0 0 0 3 30 58 30 3 0 0 
40 >>  0 0 0 2 26 55 35 5 0 0 
41 >>  0 0 0 1 21 55 39 6 0 0 
42 >>  0 0 0 1 17 51 43 9 0 0 
43 >>  0 0 0 0 13 48 46 11 0 0 
44 >>  0 0 0 0 10 42 48 15 0 0 
45 >>  0 0 0 0 7 39 49 17 1 0 
46 >>  0 0 0 0 5 32 49 21 1 0 
47 >>  0 0 0 0 3 28 48 23 2 0 
48 >>  0 0 0 0 2 22 46 27 3 0 
49 >>  0 0 0 0 1 18 43 28 4 0 
50 >>  0 0 0 0 1 13 39 31 5 0 
51 >>  0 0 0 0 0 11 35 31 7 0 
52 >>  0 0 0 0 0 7 30 33 8 0 
53 >>  0 0 0 0 0 5 26 31 10 0 
54 >>  0 0 0 0 0 3 21 31 12 0 
55 >>  0 0 0 0 0 2 17 28 13 1 
56 >>  0 0 0 0 0 1 13 27 14 1 
57 >>  0 0 0 0 0 1 10 23 15 2 
58 >>  0 0 0 0 0 0 7 21 15 2 
59 >>  0 0 0 0 0 0 5 17 15 3 
60 >>  0 0 0 0 0 0 3 15 15 3 
61 >>  0 0 0 0 0 0 2 11 14 4 
62 >>  0 0 0 0 0 0 1 9 13 4 
63 >>  0 0 0 0 0 0 1 6 12 5 
64 >>  0 0 0 0 0 0 0 5 10 5 
65 >>  0 0 0 0 0 0 0 3 8 6 
66 >>  0 0 0 0 0 0 0 2 7 5 
67 >>  0 0 0 0 0 0 0 1 5 5 
68 >>  0 0 0 0 0 0 0 1 4 4 
69 >>  0 0 0 0 0 0 0 0 3 4 
70 >>  0 0 0 0 0 0 0 0 2 3 
71 >>  0 0 0 0 0 0 0 0 1 3 
72 >>  0 0 0 0 0 0 0 0 1 2 
73 >>  0 0 0 0 0 0 0 0 0 2 
74 >>  0 0 0 0 0 0 0 0 0 1 
75 >>  0 0 0 0 0 0 0 0 0 1 
76 >>  0 0 0 0 0 0 0 0 0 0 
77 >>  0 0 0 0 0 0 0 0 0 0 
78 >>  0 0 0 0 0 0 0 0 0 0 
79 >>  0 0 0 0 0 0 0 0 0 0 
80 >>  0 0 0 0 0 0 0 0 0 0 
81 >>  0 0 0 0 0 0 0 0 0 0 
82 >>  0 0 0 0 0 0 0 0 0 0 
83 >>  0 0 0 0 0 0 0 0 0 0 
84 >>  0 0 0 0 0 0 0 0 0 0 
85 >>  0 0 0 0 0 0 0 0 0 0 
86 >>  0 0 0 0 0 0 0 0 0 0 
87 >>  0 0 0 0 0 0 0 0 0 0 
88 >>  0 0 0 0 0 0 0 0 0 0 
89 >>  0 0 0 0 0 0 0 0 0 0 
90 >>  0 0 0 0 0 0 0 0 0 0 
91 >>  0 0 0 0 0 0 0 0 0 0 
92 >>  0 0 0 0 0 0 0 0 0 0 
93 >>  0 0 0 0 0 0 0 0 0 0 
94 >>  0 0 0 0 0 0 0 0 0 0 
95 >>  0 0 0 0 0 0 0 0 0 0 
96 >>  0 0 0 0 0 0 0 0 0 0 
97 >>  0 0 0 0 0 0 0 0 0 0 
98 >>  0 0 0 0 0 0 0 0 0 0 
99 >>  0 0 0 0 0 0 0 0 0 0 
100 >>  0 0 0 0 0 0 0 0 0 0 
101 >>  0 0 0 0 0 0 0 0 0 0 
102 >>  0 0 0 0 0 0 0 0 0 0 
103 >>  0 0 0 0 0 0 0 0 0 0 
104 >>  0 0 0 0 0 0 0 0 0 0 
105 >>  0 0 0 0 0 0 0 0 0 0 
106 >>  0 0 0 0 0 0 0 0 0 0 
107 >>  0 0 0 0 0 0 0 0 0 0 
108 >>  0 0 0 0 0 0 0 0 0 0 
109 >>  0 0 0 0 0 0 0 0 0 0 
110 >>  0 0 0 0 0 0 0 0 0 0 
111 >>  0 0 0 0 0 0 0 0 0 0 
112 >>  0 0 0 0 0 0 0 0 0 0 
113 >>  0 0 0 0 0 0 0 0 0 0 
114 >>  0 0 0 0 0 0 0 0 0 0 
115 >>  0 0 0 0 0 0 0 0 0 0 
116 >>  0 0 0 0 0 0 0 0 0 0 
117 >>  0 0 0 0 0 0 0 0 0 0 
118 >>  0 0 0 0 0 0 0 0 0 0 
119 >>  0 0 0 0 0 0 0 0 0 0 
120 >>  0 0 0 0 0 0 0 0 0 0 
121 >>  0 0 0 0 0 0 0 0 0 0 
122 >>  0 0 0 0 0 0 0 0 0 0 
123 >>  0 0 0 0 0 0 0 0 0 0 
124 >>  0 0 0 0 0 0 0 0 0 0 
125 >>  0 0 0 0 0 0 0 0 0 0 
126 >>  0 0 0 0 0 0 0 0 0 0 
127 >>  0 0 0 0 0 0 0 0 0 0 
128 >>  0 0 0 0 0 0 0 0 0 0 
129 >>  0 0 0 0 0 0 0 0 0 0 
130 >>  0 0 0 0 0 0 0 0 0 0 
131 >>  0 0 0 0 0 0 0 0 0 0 
132 >>  0 0 0 0 0 0 0 0 0 0 
133 >>  0 0 0 0 0 0 0 0 0 0 
134 >>  0 0 0 0 0 0 0 0 0 0 
135 >>  0 0 0 0 0 0 0 0 0 0 
136 >>  0 0 0 0 0 0 0 0 0 0 
137 >>  0 0 0 0 0 0 0 0 0 0 
138 >>  0 0 0 0 0 0 0 0 0 0 
139 >>  0 0 0 0 0 0 0 0 0 0 
140 >>  0 0 0 0 0 0 0 0 0 0 
141 >>  0 0 0 0 0 0 0 0 0 0 
142 >>  0 0 0 0 0 0 0 0 0 0 
143 >>  0 0 0 0 0 0 0 0 0 0 
144 >>  0 0 0 0 0 0 0 0 0 0 
145 >>  0 0 0 0 0 0 0 0 0 0 
146 >>  0 0 0 0 0 0 0 0 0 0 
147 >>  0 0 0 0 0 0 0 0 0 0 
148 >>  0 0 0 0 0 0 0 0 0 0 
149 >>  0 0 0 0 0 0 0 0 0 0 
150 >>  0 0 0 0 0 0 0 0 0 0 
151 >>  0 0 0 0 0 0 0 0 0 0 
152 >>  0 0 0 0 0 0 0 0 0 0 
153 >>  0 0 0 0 0 0 0 0 0 0 
154 >>  0 0 0 0 0 0 0 0 0 0 
155 >>  0 0 0 0 0 0 0 0 0 0 

13
1 >>  1 0 0 0 0 0 0 0 0 0 
2 >>  1 0 0 0 0 0 0 0 0 0 
3 >>  1 1 0 0 0 0 0 0 0 0 
4 >>  1 1 0 0 0 0 0 0 0 0 
5 >>  1 2 0 0 0 0 0 0 0 0 
6 >>  1 2 1 0 0 0 0 0 0 0 
7 >>  1 3 1 0 0 0 0 0 0 0 
8 >>  1 3 2 0 0 0 0 0 0 0 
9 >>  1 4 3 0 0 0 0 0 0 0 
10 >>  1 4 4 1 0 0 0 0 0 0 
11 >>  1 5 5 1 0 0 0 0 0 0 
12 >>  1 5 7 2 0 0 0 0 0 0 
13 >>  1 6 8 3 0 0 0 0 0 0 
14 >>  0 6 10 5 0 0 0 0 0 0 
15 >>  0 6 12 6 1 0 0 0 0 0 
16 >>  0 5 14 9 1 0 0 0 0 0 
17 >>  0 5 15 11 2 0 0 0 0 0 
18 >>  0 4 17 15 3 0 0 0 0 0 
19 >>  0 4 17 18 5 0 0 0 0 0 
20 >>  0 3 18 22 7 0 0 0 0 0 
21 >>  0 3 18 25 10 1 0 0 0 0 
22 >>  0 2 18 30 13 1 0 0 0 0 
23 >>  0 2 17 32 18 2 0 0 0 0 
24 >>  0 1 17 36 22 3 0 0 0 0 
25 >>  0 1 15 38 28 5 0 0 0 0 
26 >>  0 0 14 41 33 7 0 0 0 0 
27 >>  0 0 12 41 40 11 0 0 0 0 
28 >>  0 0 10 43 45 14 1 0 0 0 
29 >>  0 0 8 41 52 19 1 0 0 0 
30 >>  0 0 7 41 57 24 2 0 0 0 
31 >>  0 0 5 38 63 31 3 0 0 0 
32 >>  0 0 4 36 66 37 5 0 0 0 
33 >>  0 0 3 32 70 46 7 0 0 0 
34 >>  0 0 2 30 71 52 11 0 0 0 
35 >>  0 0 1 25 73 61 14 0 0 0 
36 >>  0 0 1 22 71 68 19 1 0 0 
37 >>  0 0 0 18 70 76 24 1 0 0 
38 >>  0 0 0 15 66 81 31 2 0 0 
39 >>  0 0 0 11 63 88 37 3 0 0 
40 >>  0 0 0 9 57 90 46 5 0 0 
41 >>  0 0 0 6 52 94 52 7 0 0 
42 >>  0 0 0 5 45 94 61 10 0 0 
43 >>  0 0 0 3 40 94 68 13 0 0 
44 >>  0 0 0 2 33 90 76 18 0 0 
45 >>  0 0 0 1 28 88 81 22 1 0 
46 >>  0 0 0 1 22 81 88 28 1 0 
47 >>  0 0 0 0 18 76 90 33 2 0 
48 >>  0 0 0 0 13 68 94 40 3 0 
49 >>  0 0 0 0 10 61 94 45 5 0 
50 >>  0 0 0 0 7 52 94 52 6 0 
51 >>  0 0 0 0 5 46 90 57 9 0 
52 >>  0 0 0 0 3 37 88 63 11 0 
53 >>  0 0 0 0 2 31 81 66 15 0 
54 >>  0 0 0 0 1 24 76 70 18 0 
55 >>  0 0 0 0 1 19 68 71 22 1 
56 >>  0 0 0 0 0 14 61 73 25 1 
57 >>  0 0 0 0 0 11 52 71 30 2 
58 >>  0 0 0 0 0 7 46 70 32 3 
59 >>  0 0 0 0 0 5 37 66 36 4 
60 >>  0 0 0 0 0 3 31 63 38 5 
61 >>  0 0 0 0 0 2 24 57 41 7 
62 >>  0 0 0 0 0 1 19 52 41 8 
63 >>  0 0 0 0 0 1 14 45 43 10 
64 >>  0 0 0 0 0 0 11 40 41 12 
65 >>  0 0 0 0 0 0 7 33 41 14 
66 >>  0 0 0 0 0 0 5 28 38 15 
67 >>  0 0 0 0 0 0 3 22 36 17 
68 >>  0 0 0 0 0 0 2 18 32 17 
69 >>  0 0 0 0 0 0 1 13 30 18 
70 >>  0 0 0 0 0 0 1 10 25 18 
71 >>  0 0 0 0 0 0 0 7 22 18 
72 >>  0 0 0 0 0 0 0 5 18 17 
73 >>  0 0 0 0 0 0 0 3 15 17 
74 >>  0 0 0 0 0 0 0 2 11 15 
75 >>  0 0 0 0 0 0 0 1 9 14 
76 >>  0 0 0 0 0 0 0 1 6 12 
77 >>  0 0 0 0 0 0 0 0 5 10 
78 >>  0 0 0 0 0 0 0 0 3 8 
79 >>  0 0 0 0 0 0 0 0 2 7 
80 >>  0 0 0 0 0 0 0 0 1 5 
81 >>  0 0 0 0 0 0 0 0 1 4 
82 >>  0 0 0 0 0 0 0 0 0 3 
83 >>  0 0 0 0 0 0 0 0 0 2 
84 >>  0 0 0 0 0 0 0 0 0 1 
85 >>  0 0 0 0 0 0 0 0 0 1 
86 >>  0 0 0 0 0 0 0 0 0 0 
87 >>  0 0 0 0 0 0 0 0 0 0 
88 >>  0 0 0 0 0 0 0 0 0 0 
89 >>  0 0 0 0 0 0 0 0 0 0 
90 >>  0 0 0 0 0 0 0 0 0 0 
91 >>  0 0 0 0 0 0 0 0 0 0 
92 >>  0 0 0 0 0 0 0 0 0 0 
93 >>  0 0 0 0 0 0 0 0 0 0 
94 >>  0 0 0 0 0 0 0 0 0 0 
95 >>  0 0 0 0 0 0 0 0 0 0 
96 >>  0 0 0 0 0 0 0 0 0 0 
97 >>  0 0 0 0 0 0 0 0 0 0 
98 >>  0 0 0 0 0 0 0 0 0 0 
99 >>  0 0 0 0 0 0 0 0 0 0 
100 >>  0 0 0 0 0 0 0 0 0 0 
101 >>  0 0 0 0 0 0 0 0 0 0 
102 >>  0 0 0 0 0 0 0 0 0 0 
103 >>  0 0 0 0 0 0 0 0 0 0 
104 >>  0 0 0 0 0 0 0 0 0 0 
105 >>  0 0 0 0 0 0 0 0 0 0 
106 >>  0 0 0 0 0 0 0 0 0 0 
107 >>  0 0 0 0 0 0 0 0 0 0 
108 >>  0 0 0 0 0 0 0 0 0 0 
109 >>  0 0 0 0 0 0 0 0 0 0 
110 >>  0 0 0 0 0 0 0 0 0 0 
111 >>  0 0 0 0 0 0 0 0 0 0 
112 >>  0 0 0 0 0 0 0 0 0 0 
113 >>  0 0 0 0 0 0 0 0 0 0 
114 >>  0 0 0 0 0 0 0 0 0 0 
115 >>  0 0 0 0 0 0 0 0 0 0 
116 >>  0 0 0 0 0 0 0 0 0 0 
117 >>  0 0 0 0 0 0 0 0 0 0 
118 >>  0 0 0 0 0 0 0 0 0 0 
119 >>  0 0 0 0 0 0 0 0 0 0 
120 >>  0 0 0 0 0 0 0 0 0 0 
121 >>  0 0 0 0 0 0 0 0 0 0 
122 >>  0 0 0 0 0 0 0 0 0 0 
123 >>  0 0 0 0 0 0 0 0 0 0 
124 >>  0 0 0 0 0 0 0 0 0 0 
125 >>  0 0 0 0 0 0 0 0 0 0 
126 >>  0 0 0 0 0 0 0 0 0 0 
127 >>  0 0 0 0 0 0 0 0 0 0 
128 >>  0 0 0 0 0 0 0 0 0 0 
129 >>  0 0 0 0 0 0 0 0 0 0 
130 >>  0 0 0 0 0 0 0 0 0 0 
131 >>  0 0 0 0 0 0 0 0 0 0 
132 >>  0 0 0 0 0 0 0 0 0 0 
133 >>  0 0 0 0 0 0 0 0 0 0 
134 >>  0 0 0 0 0 0 0 0 0 0 
135 >>  0 0 0 0 0 0 0 0 0 0 
136 >>  0 0 0 0 0 0 0 0 0 0 
137 >>  0 0 0 0 0 0 0 0 0 0 
138 >>  0 0 0 0 0 0 0 0 0 0 
139 >>  0 0 0 0 0 0 0 0 0 0 
140 >>  0 0 0 0 0 0 0 0 0 0 
141 >>  0 0 0 0 0 0 0 0 0 0 
142 >>  0 0 0 0 0 0 0 0 0 0 
143 >>  0 0 0 0 0 0 0 0 0 0 
144 >>  0 0 0 0 0 0 0 0 0 0 
145 >>  0 0 0 0 0 0 0 0 0 0 
146 >>  0 0 0 0 0 0 0 0 0 0 
147 >>  0 0 0 0 0 0 0 0 0 0 
148 >>  0 0 0 0 0 0 0 0 0 0 
149 >>  0 0 0 0 0 0 0 0 0 0 
150 >>  0 0 0 0 0 0 0 0 0 0 
151 >>  0 0 0 0 0 0 0 0 0 0 
152 >>  0 0 0 0 0 0 0 0 0 0 
153 >>  0 0 0 0 0 0 0 0 0 0 
154 >>  0 0 0 0 0 0 0 0 0 0 
155 >>  0 0 0 0 0 0 0 0 0 0 

14
1 >>  1 0 0 0 0 0 0 0 0 0 
2 >>  1 0 0 0 0 0 0 0 0 0 
3 >>  1 1 0 0 0 0 0 0 0 0 
4 >>  1 1 0 0 0 0 0 0 0 0 
5 >>  1 2 0 0 0 0 0 0 0 0 
6 >>  1 2 1 0 0 0 0 0 0 0 
7 >>  1 3 1 0 0 0 0 0 0 0 
8 >>  1 3 2 0 0 0 0 0 0 0 
9 >>  1 4 3 0 0 0 0 0 0 0 
10 >>  1 4 4 1 0 0 0 0 0 0 
11 >>  1 5 5 1 0 0 0 0 0 0 
12 >>  1 5 7 2 0 0 0 0 0 0 
13 >>  1 6 8 3 0 0 0 0 0 0 
14 >>  1 6 10 5 0 0 0 0 0 0 
15 >>  0 7 12 6 1 0 0 0 0 0 
16 >>  0 6 14 9 1 0 0 0 0 0 
17 >>  0 6 16 11 2 0 0 0 0 0 
18 >>  0 5 18 15 3 0 0 0 0 0 
19 >>  0 5 19 18 5 0 0 0 0 0 
20 >>  0 4 20 23 7 0 0 0 0 0 
21 >>  0 4 21 26 10 1 0 0 0 0 
22 >>  0 3 21 32 13 1 0 0 0 0 
23 >>  0 3 21 35 18 2 0 0 0 0 
24 >>  0 2 21 40 23 3 0 0 0 0 
25 >>  0 2 20 43 29 5 0 0 0 0 
26 >>  0 1 19 48 35 7 0 0 0 0 
27 >>  0 1 18 49 43 11 0 0 0 0 
28 >>  0 0 16 53 50 14 1 0 0 0 
29 >>  0 0 14 53 58 20 1 0 0 0 
30 >>  0 0 12 55 66 25 2 0 0 0 
31 >>  0 0 10 53 74 33 3 0 0 0 
32 >>  0 0 8 53 81 40 5 0 0 0 
33 >>  0 0 7 49 88 51 7 0 0 0 
34 >>  0 0 5 48 93 59 11 0 0 0 
35 >>  0 0 4 43 98 71 15 0 0 0 
36 >>  0 0 3 40 101 81 20 1 0 0 
37 >>  0 0 2 35 102 94 26 1 0 0 
38 >>  0 0 1 32 102 103 34 2 0 0 
39 >>  0 0 1 26 101 116 42 3 0 0 
40 >>  0 0 0 23 98 123 53 5 0 0 
41 >>  0 0 0 18 93 134 63 7 0 0 
42 >>  0 0 0 15 88 139 75 11 0 0 
43 >>  0 0 0 11 81 146 87 14 0 0 
44 >>  0 0 0 9 74 147 100 20 0 0 
45 >>  0 0 0 6 66 151 112 25 1 0 
46 >>  0 0 0 5 58 147 125 33 1 0 
47 >>  0 0 0 3 50 146 136 40 2 0 
48 >>  0 0 0 2 43 139 146 51 3 0 
49 >>  0 0 0 1 35 134 155 59 5 0 
50 >>  0 0 0 1 29 123 162 71 7 0 
51 >>  0 0 0 0 23 116 166 81 10 0 
52 >>  0 0 0 0 18 103 169 94 13 0 
53 >>  0 0 0 0 13 94 169 103 18 0 
54 >>  0 0 0 0 10 81 166 116 23 0 
55 >>  0 0 0 0 7 71 162 123 29 1 
56 >>  0 0 0 0 5 59 155 134 35 1 
57 >>  0 0 0 0 3 51 146 139 43 2 
58 >>  0 0 0 0 2 40 136 146 50 3 
59 >>  0 0 0 0 1 33 125 147 58 5 
60 >>  0 0 0 0 1 25 112 151 66 6 
61 >>  0 0 0 0 0 20 100 147 74 9 
62 >>  0 0 0 0 0 14 87 146 81 11 
63 >>  0 0 0 0 0 11 75 139 88 15 
64 >>  0 0 0 0 0 7 63 134 93 18 
65 >>  0 0 0 0 0 5 53 123 98 23 
66 >>  0 0 0 0 0 3 42 116 101 26 
67 >>  0 0 0 0 0 2 34 103 102 32 
68 >>  0 0 0 0 0 1 26 94 102 35 
69 >>  0 0 0 0 0 1 20 81 101 40 
70 >>  0 0 0 0 0 0 15 71 98 43 
71 >>  0 0 0 0 0 0 11 59 93 48 
72 >>  0 0 0 0 0 0 7 51 88 49 
73 >>  0 0 0 0 0 0 5 40 81 53 
74 >>  0 0 0 0 0 0 3 33 74 53 
75 >>  0 0 0 0 0 0 2 25 66 55 
76 >>  0 0 0 0 0 0 1 20 58 53 
77 >>  0 0 0 0 0 0 1 14 50 53 
78 >>  0 0 0 0 0 0 0 11 43 49 
79 >>  0 0 0 0 0 0 0 7 35 48 
80 >>  0 0 0 0 0 0 0 5 29 43 
81 >>  0 0 0 0 0 0 0 3 23 40 
82 >>  0 0 0 0 0 0 0 2 18 35 
83 >>  0 0 0 0 0 0 0 1 13 32 
84 >>  0 0 0 0 0 0 0 1 10 26 
85 >>  0 0 0 0 0 0 0 0 7 23 
86 >>  0 0 0 0 0 0 0 0 5 18 
87 >>  0 0 0 0 0 0 0 0 3 15 
88 >>  0 0 0 0 0 0 0 0 2 11 
89 >>  0 0 0 0 0 0 0 0 1 9 
90 >>  0 0 0 0 0 0 0 0 1 6 
91 >>  0 0 0 0 0 0 0 0 0 5 
92 >>  0 0 0 0 0 0 0 0 0 3 
93 >>  0 0 0 0 0 0 0 0 0 2 
94 >>  0 0 0 0 0 0 0 0 0 1 
95 >>  0 0 0 0 0 0 0 0 0 1 
96 >>  0 0 0 0 0 0 0 0 0 0 
97 >>  0 0 0 0 0 0 0 0 0 0 
98 >>  0 0 0 0 0 0 0 0 0 0 
99 >>  0 0 0 0 0 0 0 0 0 0 
100 >>  0 0 0 0 0 0 0 0 0 0 
101 >>  0 0 0 0 0 0 0 0 0 0 
102 >>  0 0 0 0 0 0 0 0 0 0 
103 >>  0 0 0 0 0 0 0 0 0 0 
104 >>  0 0 0 0 0 0 0 0 0 0 
105 >>  0 0 0 0 0 0 0 0 0 0 
106 >>  0 0 0 0 0 0 0 0 0 0 
107 >>  0 0 0 0 0 0 0 0 0 0 
108 >>  0 0 0 0 0 0 0 0 0 0 
109 >>  0 0 0 0 0 0 0 0 0 0 
110 >>  0 0 0 0 0 0 0 0 0 0 
111 >>  0 0 0 0 0 0 0 0 0 0 
112 >>  0 0 0 0 0 0 0 0 0 0 
113 >>  0 0 0 0 0 0 0 0 0 0 
114 >>  0 0 0 0 0 0 0 0 0 0 
115 >>  0 0 0 0 0 0 0 0 0 0 
116 >>  0 0 0 0 0 0 0 0 0 0 
117 >>  0 0 0 0 0 0 0 0 0 0 
118 >>  0 0 0 0 0 0 0 0 0 0 
119 >>  0 0 0 0 0 0 0 0 0 0 
120 >>  0 0 0 0 0 0 0 0 0 0 
121 >>  0 0 0 0 0 0 0 0 0 0 
122 >>  0 0 0 0 0 0 0 0 0 0 
123 >>  0 0 0 0 0 0 0 0 0 0 
124 >>  0 0 0 0 0 0 0 0 0 0 
125 >>  0 0 0 0 0 0 0 0 0 0 
126 >>  0 0 0 0 0 0 0 0 0 0 
127 >>  0 0 0 0 0 0 0 0 0 0 
128 >>  0 0 0 0 0 0 0 0 0 0 
129 >>  0 0 0 0 0 0 0 0 0 0 
130 >>  0 0 0 0 0 0 0 0 0 0 
131 >>  0 0 0 0 0 0 0 0 0 0 
132 >>  0 0 0 0 0 0 0 0 0 0 
133 >>  0 0 0 0 0 0 0 0 0 0 
134 >>  0 0 0 0 0 0 0 0 0 0 
135 >>  0 0 0 0 0 0 0 0 0 0 
136 >>  0 0 0 0 0 0 0 0 0 0 
137 >>  0 0 0 0 0 0 0 0 0 0 
138 >>  0 0 0 0 0 0 0 0 0 0 
139 >>  0 0 0 0 0 0 0 0 0 0 
140 >>  0 0 0 0 0 0 0 0 0 0 
141 >>  0 0 0 0 0 0 0 0 0 0 
142 >>  0 0 0 0 0 0 0 0 0 0 
143 >>  0 0 0 0 0 0 0 0 0 0 
144 >>  0 0 0 0 0 0 0 0 0 0 
145 >>  0 0 0 0 0 0 0 0 0 0 
146 >>  0 0 0 0 0 0 0 0 0 0 
147 >>  0 0 0 0 0 0 0 0 0 0 
148 >>  0 0 0 0 0 0 0 0 0 0 
149 >>  0 0 0 0 0 0 0 0 0 0 
150 >>  0 0 0 0 0 0 0 0 0 0 
151 >>  0 0 0 0 0 0 0 0 0 0 
152 >>  0 0 0 0 0 0 0 0 0 0 
153 >>  0 0 0 0 0 0 0 0 0 0 
154 >>  0 0 0 0 0 0 0 0 0 0 
155 >>  0 0 0 0 0 0 0 0 0 0 

15
1 >>  1 0 0 0 0 0 0 0 0 0 
2 >>  1 0 0 0 0 0 0 0 0 0 
3 >>  1 1 0 0 0 0 0 0 0 0 
4 >>  1 1 0 0 0 0 0 0 0 0 
5 >>  1 2 0 0 0 0 0 0 0 0 
6 >>  1 2 1 0 0 0 0 0 0 0 
7 >>  1 3 1 0 0 0 0 0 0 0 
8 >>  1 3 2 0 0 0 0 0 0 0 
9 >>  1 4 3 0 0 0 0 0 0 0 
10 >>  1 4 4 1 0 0 0 0 0 0 
11 >>  1 5 5 1 0 0 0 0 0 0 
12 >>  1 5 7 2 0 0 0 0 0 0 
13 >>  1 6 8 3 0 0 0 0 0 0 
14 >>  1 6 10 5 0 0 0 0 0 0 
15 >>  1 7 12 6 1 0 0 0 0 0 
16 >>  0 7 14 9 1 0 0 0 0 0 
17 >>  0 7 16 11 2 0 0 0 0 0 
18 >>  0 6 19 15 3 0 0 0 0 0 
19 >>  0 6 20 18 5 0 0 0 0 0 
20 >>  0 5 22 23 7 0 0 0 0 0 
21 >>  0 5 23 27 10 1 0 0 0 0 
22 >>  0 4 24 33 13 1 0 0 0 0 
23 >>  0 4 24 37 18 2 0 0 0 0 
24 >>  0 3 25 43 23 3 0 0 0 0 
25 >>  0 3 24 47 30 5 0 0 0 0 
26 >>  0 2 24 53 36 7 0 0 0 0 
27 >>  0 2 23 56 45 11 0 0 0 0 
28 >>  0 1 22 61 53 14 1 0 0 0 
29 >>  0 1 20 63 63 20 1 0 0 0 
30 >>  0 0 19 67 72 26 2 0 0 0 
31 >>  0 0 16 67 83 34 3 0 0 0 
32 >>  0 0 14 69 92 42 5 0 0 0 
33 >>  0 0 12 67 103 54 7 0 0 0 
34 >>  0 0 10 67 111 64 11 0 0 0 
35 >>  0 0 8 63 121 78 15 0 0 0 
36 >>  0 0 7 61 127 91 21 1 0 0 
37 >>  0 0 5 56 134 107 27 1 0 0 
38 >>  0 0 4 53 137 121 36 2 0 0 
39 >>  0 0 3 47 141 139 45 3 0 0 
40 >>  0 0 2 43 141 152 58 5 0 0 
41 >>  0 0 1 37 141 169 70 7 0 0 
42 >>  0 0 1 33 137 182 86 11 0 0 
43 >>  0 0 0 27 134 196 101 15 0 0 
44 >>  0 0 0 23 127 205 120 21 0 0 
45 >>  0 0 0 18 121 217 137 27 1 0 
46 >>  0 0 0 15 111 221 158 36 1 0 
47 >>  0 0 0 11 103 227 176 45 2 0 
48 >>  0 0 0 9 92 227 197 58 3 0 
49 >>  0 0 0 6 83 227 214 70 5 0 
50 >>  0 0 0 5 72 221 233 86 7 0 
51 >>  0 0 0 3 63 217 247 101 11 0 
52 >>  0 0 0 2 53 205 263 120 14 0 
53 >>  0 0 0 1 45 196 272 137 20 0 
54 >>  0 0 0 1 36 182 282 158 26 0 
55 >>  0 0 0 0 30 169 285 176 34 1 
56 >>  0 0 0 0 23 152 289 197 42 1 
57 >>  0 0 0 0 18 139 285 214 54 2 
58 >>  0 0 0 0 13 121 282 233 64 3 
59 >>  0 0 0 0 10 107 272 247 78 5 
60 >>  0 0 0 0 7 91 263 263 91 7 
61 >>  0 0 0 0 5 78 247 272 107 10 
62 >>  0 0 0 0 3 64 233 282 121 13 
63 >>  0 0 0 0 2 54 214 285 139 18 
64 >>  0 0 0 0 1 42 197 289 152 23 
65 >>  0 0 0 0 1 34 176 285 169 30 
66 >>  0 0 0 0 0 26 158 282 182 36 
67 >>  0 0 0 0 0 20 137 272 196 45 
68 >>  0 0 0 0 0 14 120 263 205 53 
69 >>  0 0 0 0 0 11 101 247 217 63 
70 >>  0 0 0 0 0 7 86 233 221 72 
71 >>  0 0 0 0 0 5 70 214 227 83 
72 >>  0 0 0 0 0 3 58 197 227 92 
73 >>  0 0 0 0 0 2 45 176 227 103 
74 >>  0 0 0 0 0 1 36 158 221 111 
75 >>  0 0 0 0 0 1 27 137 217 121 
76 >>  0 0 0 0 0 0 21 120 205 127 
77 >>  0 0 0 0 0 0 15 101 196 134 
78 >>  0 0 0 0 0 0 11 86 182 137 
79 >>  0 0 0 0 0 0 7 70 169 141 
80 >>  0 0 0 0 0 0 5 58 152 141 
81 >>  0 0 0 0 0 0 3 45 139 141 
82 >>  0 0 0 0 0 0 2 36 121 137 
83 >>  0 0 0 0 0 0 1 27 107 134 
84 >>  0 0 0 0 0 0 1 21 91 127 
85 >>  0 0 0 0 0 0 0 15 78 121 
86 >>  0 0 0 0 0 0 0 11 64 111 
87 >>  0 0 0 0 0 0 0 7 54 103 
88 >>  0 0 0 0 0 0 0 5 42 92 
89 >>  0 0 0 0 0 0 0 3 34 83 
90 >>  0 0 0 0 0 0 0 2 26 72 
91 >>  0 0 0 0 0 0 0 1 20 63 
92 >>  0 0 0 0 0 0 0 1 14 53 
93 >>  0 0 0 0 0 0 0 0 11 45 
94 >>  0 0 0 0 0 0 0 0 7 36 
95 >>  0 0 0 0 0 0 0 0 5 30 
96 >>  0 0 0 0 0 0 0 0 3 23 
97 >>  0 0 0 0 0 0 0 0 2 18 
98 >>  0 0 0 0 0 0 0 0 1 13 
99 >>  0 0 0 0 0 0 0 0 1 10 
100 >>  0 0 0 0 0 0 0 0 0 7 
101 >>  0 0 0 0 0 0 0 0 0 5 
102 >>  0 0 0 0 0 0 0 0 0 3 
103 >>  0 0 0 0 0 0 0 0 0 2 
104 >>  0 0 0 0 0 0 0 0 0 1 
105 >>  0 0 0 0 0 0 0 0 0 1 
106 >>  0 0 0 0 0 0 0 0 0 0 
107 >>  0 0 0 0 0 0 0 0 0 0 
108 >>  0 0 0 0 0 0 0 0 0 0 
109 >>  0 0 0 0 0 0 0 0 0 0 
110 >>  0 0 0 0 0 0 0 0 0 0 
111 >>  0 0 0 0 0 0 0 0 0 0 
112 >>  0 0 0 0 0 0 0 0 0 0 
113 >>  0 0 0 0 0 0 0 0 0 0 
114 >>  0 0 0 0 0 0 0 0 0 0 
115 >>  0 0 0 0 0 0 0 0 0 0 
116 >>  0 0 0 0 0 0 0 0 0 0 
117 >>  0 0 0 0 0 0 0 0 0 0 
118 >>  0 0 0 0 0 0 0 0 0 0 
119 >>  0 0 0 0 0 0 0 0 0 0 
120 >>  0 0 0 0 0 0 0 0 0 0 
121 >>  0 0 0 0 0 0 0 0 0 0 
122 >>  0 0 0 0 0 0 0 0 0 0 
123 >>  0 0 0 0 0 0 0 0 0 0 
124 >>  0 0 0 0 0 0 0 0 0 0 
125 >>  0 0 0 0 0 0 0 0 0 0 
126 >>  0 0 0 0 0 0 0 0 0 0 
127 >>  0 0 0 0 0 0 0 0 0 0 
128 >>  0 0 0 0 0 0 0 0 0 0 
129 >>  0 0 0 0 0 0 0 0 0 0 
130 >>  0 0 0 0 0 0 0 0 0 0 
131 >>  0 0 0 0 0 0 0 0 0 0 
132 >>  0 0 0 0 0 0 0 0 0 0 
133 >>  0 0 0 0 0 0 0 0 0 0 
134 >>  0 0 0 0 0 0 0 0 0 0 
135 >>  0 0 0 0 0 0 0 0 0 0 
136 >>  0 0 0 0 0 0 0 0 0 0 
137 >>  0 0 0 0 0 0 0 0 0 0 
138 >>  0 0 0 0 0 0 0 0 0 0 
139 >>  0 0 0 0 0 0 0 0 0 0 
140 >>  0 0 0 0 0 0 0 0 0 0 
141 >>  0 0 0 0 0 0 0 0 0 0 
142 >>  0 0 0 0 0 0 0 0 0 0 
143 >>  0 0 0 0 0 0 0 0 0 0 
144 >>  0 0 0 0 0 0 0 0 0 0 
145 >>  0 0 0 0 0 0 0 0 0 0 
146 >>  0 0 0 0 0 0 0 0 0 0 
147 >>  0 0 0 0 0 0 0 0 0 0 
148 >>  0 0 0 0 0 0 0 0 0 0 
149 >>  0 0 0 0 0 0 0 0 0 0 
150 >>  0 0 0 0 0 0 0 0 0 0 
151 >>  0 0 0 0 0 0 0 0 0 0 
152 >>  0 0 0 0 0 0 0 0 0 0 
153 >>  0 0 0 0 0 0 0 0 0 0 
154 >>  0 0 0 0 0 0 0 0 0 0 
155 >>  0 0 0 0 0 0 0 0 0 0 

16
1 >>  1 0 0 0 0 0 0 0 0 0 
2 >>  1 0 0 0 0 0 0 0 0 0 
3 >>  1 1 0 0 0 0 0 0 0 0 
4 >>  1 1 0 0 0 0 0 0 0 0 
5 >>  1 2 0 0 0 0 0 0 0 0 
6 >>  1 2 1 0 0 0 0 0 0 0 
7 >>  1 3 1 0 0 0 0 0 0 0 
8 >>  1 3 2 0 0 0 0 0 0 0 
9 >>  1 4 3 0 0 0 0 0 0 0 
10 >>  1 4 4 1 0 0 0 0 0 0 
11 >>  1 5 5 1 0 0 0 0 0 0 
12 >>  1 5 7 2 0 0 0 0 0 0 
13 >>  1 6 8 3 0 0 0 0 0 0 
14 >>  1 6 10 5 0 0 0 0 0 0 
15 >>  1 7 12 6 1 0 0 0 0 0 
16 >>  1 7 14 9 1 0 0 0 0 0 
17 >>  0 8 16 11 2 0 0 0 0 0 
18 >>  0 7 19 15 3 0 0 0 0 0 
19 >>  0 7 21 18 5 0 0 0 0 0 
20 >>  0 6 23 23 7 0 0 0 0 0 
21 >>  0 6 25 27 10 1 0 0 0 0 
22 >>  0 5 26 34 13 1 0 0 0 0 
23 >>  0 5 27 38 18 2 0 0 0 0 
24 >>  0 4 28 45 23 3 0 0 0 0 
25 >>  0 4 28 50 30 5 0 0 0 0 
26 >>  0 3 28 57 37 7 0 0 0 0 
27 >>  0 3 28 61 46 11 0 0 0 0 
28 >>  0 2 27 68 55 14 1 0 0 0 
29 >>  0 2 26 71 66 20 1 0 0 0 
30 >>  0 1 25 77 77 26 2 0 0 0 
31 >>  0 1 23 79 89 35 3 0 0 0 
32 >>  0 0 21 83 101 43 5 0 0 0 
33 >>  0 0 19 83 114 56 7 0 0 0 
34 >>  0 0 16 86 126 67 11 0 0 0 
35 >>  0 0 14 83 139 83 15 0 0 0 
36 >>  0 0 12 83 150 98 21 1 0 0 
37 >>  0 0 10 79 161 117 28 1 0 0 
38 >>  0 0 8 77 170 134 37 2 0 0 
39 >>  0 0 7 71 178 157 47 3 0 0 
40 >>  0 0 5 68 184 175 61 5 0 0 
41 >>  0 0 4 61 188 199 75 7 0 0 
42 >>  0 0 3 57 190 218 93 11 0 0 
43 >>  0 0 2 50 190 241 112 15 0 0 
44 >>  0 0 1 45 188 258 134 22 0 0 
45 >>  0 0 1 38 184 280 157 28 1 0 
46 >>  0 0 0 34 178 293 184 38 1 0 
47 >>  0 0 0 27 170 310 210 48 2 0 
48 >>  0 0 0 23 161 319 239 63 3 0 
49 >>  0 0 0 18 150 330 268 77 5 0 
50 >>  0 0 0 15 139 332 297 97 7 0 
51 >>  0 0 0 11 126 338 325 116 11 0 
52 >>  0 0 0 9 114 332 354 141 15 0 
53 >>  0 0 0 6 101 330 379 164 21 0 
54 >>  0 0 0 5 89 319 403 194 28 0 
55 >>  0 0 0 3 77 310 424 221 37 1 
56 >>  0 0 0 2 66 293 441 255 47 1 
57 >>  0 0 0 1 55 280 454 284 61 2 
58 >>  0 0 0 1 46 258 464 319 75 3 
59 >>  0 0 0 0 37 241 468 348 93 5 
60 >>  0 0 0 0 30 218 468 383 112 7 
61 >>  0 0 0 0 23 199 464 409 134 11 
62 >>  0 0 0 0 18 175 454 440 157 14 
63 >>  0 0 0 0 13 157 441 461 184 20 
64 >>  0 0 0 0 10 134 424 486 210 26 
65 >>  0 0 0 0 7 117 403 499 239 35 
66 >>  0 0 0 0 5 98 379 515 268 43 
67 >>  0 0 0 0 3 83 354 519 297 56 
68 >>  0 0 0 0 2 67 325 526 325 67 
69 >>  0 0 0 0 1 56 297 519 354 83 
70 >>  0 0 0 0 1 43 268 515 379 98 
71 >>  0 0 0 0 0 35 239 499 403 117 
72 >>  0 0 0 0 0 26 210 486 424 134 
73 >>  0 0 0 0 0 20 184 461 441 157 
74 >>  0 0 0 0 0 14 157 440 454 175 
75 >>  0 0 0 0 0 11 134 409 464 199 
76 >>  0 0 0 0 0 7 112 383 468 218 
77 >>  0 0 0 0 0 5 93 348 468 241 
78 >>  0 0 0 0 0 3 75 319 464 258 
79 >>  0 0 0 0 0 2 61 284 454 280 
80 >>  0 0 0 0 0 1 47 255 441 293 
81 >>  0 0 0 0 0 1 37 221 424 310 
82 >>  0 0 0 0 0 0 28 194 403 319 
83 >>  0 0 0 0 0 0 21 164 379 330 
84 >>  0 0 0 0 0 0 15 141 354 332 
85 >>  0 0 0 0 0 0 11 116 325 338 
86 >>  0 0 0 0 0 0 7 97 297 332 
87 >>  0 0 0 0 0 0 5 77 268 330 
88 >>  0 0 0 0 0 0 3 63 239 319 
89 >>  0 0 0 0 0 0 2 48 210 310 
90 >>  0 0 0 0 0 0 1 38 184 293 
91 >>  0 0 0 0 0 0 1 28 157 280 
92 >>  0 0 0 0 0 0 0 22 134 258 
93 >>  0 0 0 0 0 0 0 15 112 241 
94 >>  0 0 0 0 0 0 0 11 93 218 
95 >>  0 0 0 0 0 0 0 7 75 199 
96 >>  0 0 0 0 0 0 0 5 61 175 
97 >>  0 0 0 0 0 0 0 3 47 157 
98 >>  0 0 0 0 0 0 0 2 37 134 
99 >>  0 0 0 0 0 0 0 1 28 117 
100 >>  0 0 0 0 0 0 0 1 21 98 
101 >>  0 0 0 0 0 0 0 0 15 83 
102 >>  0 0 0 0 0 0 0 0 11 67 
103 >>  0 0 0 0 0 0 0 0 7 56 
104 >>  0 0 0 0 0 0 0 0 5 43 
105 >>  0 0 0 0 0 0 0 0 3 35 
106 >>  0 0 0 0 0 0 0 0 2 26 
107 >>  0 0 0 0 0 0 0 0 1 20 
108 >>  0 0 0 0 0 0 0 0 1 14 
109 >>  0 0 0 0 0 0 0 0 0 11 
110 >>  0 0 0 0 0 0 0 0 0 7 
111 >>  0 0 0 0 0 0 0 0 0 5 
112 >>  0 0 0 0 0 0 0 0 0 3 
113 >>  0 0 0 0 0 0 0 0 0 2 
114 >>  0 0 0 0 0 0 0 0 0 1 
115 >>  0 0 0 0 0 0 0 0 0 1 
116 >>  0 0 0 0 0 0 0 0 0 0 
117 >>  0 0 0 0 0 0 0 0 0 0 
118 >>  0 0 0 0 0 0 0 0 0 0 
119 >>  0 0 0 0 0 0 0 0 0 0 
120 >>  0 0 0 0 0 0 0 0 0 0 
121 >>  0 0 0 0 0 0 0 0 0 0 
122 >>  0 0 0 0 0 0 0 0 0 0 
123 >>  0 0 0 0 0 0 0 0 0 0 
124 >>  0 0 0 0 0 0 0 0 0 0 
125 >>  0 0 0 0 0 0 0 0 0 0 
126 >>  0 0 0 0 0 0 0 0 0 0 
127 >>  0 0 0 0 0 0 0 0 0 0 
128 >>  0 0 0 0 0 0 0 0 0 0 
129 >>  0 0 0 0 0 0 0 0 0 0 
130 >>  0 0 0 0 0 0 0 0 0 0 
131 >>  0 0 0 0 0 0 0 0 0 0 
132 >>  0 0 0 0 0 0 0 0 0 0 
133 >>  0 0 0 0 0 0 0 0 0 0 
134 >>  0 0 0 0 0 0 0 0 0 0 
135 >>  0 0 0 0 0 0 0 0 0 0 
136 >>  0 0 0 0 0 0 0 0 0 0 
137 >>  0 0 0 0 0 0 0 0 0 0 
138 >>  0 0 0 0 0 0 0 0 0 0 
139 >>  0 0 0 0 0 0 0 0 0 0 
140 >>  0 0 0 0 0 0 0 0 0 0 
141 >>  0 0 0 0 0 0 0 0 0 0 
142 >>  0 0 0 0 0 0 0 0 0 0 
143 >>  0 0 0 0 0 0 0 0 0 0 
144 >>  0 0 0 0 0 0 0 0 0 0 
145 >>  0 0 0 0 0 0 0 0 0 0 
146 >>  0 0 0 0 0 0 0 0 0 0 
147 >>  0 0 0 0 0 0 0 0 0 0 
148 >>  0 0 0 0 0 0 0 0 0 0 
149 >>  0 0 0 0 0 0 0 0 0 0 
150 >>  0 0 0 0 0 0 0 0 0 0 
151 >>  0 0 0 0 0 0 0 0 0 0 
152 >>  0 0 0 0 0 0 0 0 0 0 
153 >>  0 0 0 0 0 0 0 0 0 0 
154 >>  0 0 0 0 0 0 0 0 0 0 
155 >>  0 0 0 0 0 0 0 0 0 0 

17
1 >>  1 0 0 0 0 0 0 0 0 0 
2 >>  1 0 0 0 0 0 0 0 0 0 
3 >>  1 1 0 0 0 0 0 0 0 0 
4 >>  1 1 0 0 0 0 0 0 0 0 
5 >>  1 2 0 0 0 0 0 0 0 0 
6 >>  1 2 1 0 0 0 0 0 0 0 
7 >>  1 3 1 0 0 0 0 0 0 0 
8 >>  1 3 2 0 0 0 0 0 0 0 
9 >>  1 4 3 0 0 0 0 0 0 0 
10 >>  1 4 4 1 0 0 0 0 0 0 
11 >>  1 5 5 1 0 0 0 0 0 0 
12 >>  1 5 7 2 0 0 0 0 0 0 
13 >>  1 6 8 3 0 0 0 0 0 0 
14 >>  1 6 10 5 0 0 0 0 0 0 
15 >>  1 7 12 6 1 0 0 0 0 0 
16 >>  1 7 14 9 1 0 0 0 0 0 
17 >>  1 8 16 11 2 0 0 0 0 0 
18 >>  0 8 19 15 3 0 0 0 0 0 
19 >>  0 8 21 18 5 0 0 0 0 0 
20 >>  0 7 24 23 7 0 0 0 0 0 
21 >>  0 7 26 27 10 1 0 0 0 0 
22 >>  0 6 28 34 13 1 0 0 0 0 
23 >>  0 6 29 39 18 2 0 0 0 0 
24 >>  0 5 31 46 23 3 0 0 0 0 
25 >>  0 5 31 52 30 5 0 0 0 0 
26 >>  0 4 32 60 37 7 0 0 0 0 
27 >>  0 4 32 65 47 11 0 0 0 0 
28 >>  0 3 32 73 56 14 1 0 0 0 
29 >>  0 3 31 78 68 20 1 0 0 0 
30 >>  0 2 31 85 80 26 2 0 0 0 
31 >>  0 2 29 89 94 35 3 0 0 0 
32 >>  0 1 28 95 107 44 5 0 0 0 
33 >>  0 1 26 97 123 57 7 0 0 0 
34 >>  0 0 24 102 137 69 11 0 0 0 
35 >>  0 0 21 102 154 86 15 0 0 0 
36 >>  0 0 19 104 168 103 21 1 0 0 
37 >>  0 0 16 102 184 124 28 1 0 0 
38 >>  0 0 14 102 197 144 38 2 0 0 
39 >>  0 0 12 97 212 170 48 3 0 0 
40 >>  0 0 10 95 222 193 63 5 0 0 
41 >>  0 0 8 89 233 222 78 7 0 0 
42 >>  0 0 7 85 240 248 98 11 0 0 
43 >>  0 0 5 78 247 278 119 15 0 0 
44 >>  0 0 4 73 249 304 145 22 0 0 
45 >>  0 0 3 65 252 335 171 29 1 0 
46 >>  0 0 2 60 249 359 204 39 1 0 
47 >>  0 0 1 52 247 387 236 50 2 0 
48 >>  0 0 1 46 240 408 274 66 3 0 
49 >>  0 0 0 39 233 431 311 82 5 0 
50 >>  0 0 0 34 222 446 353 104 7 0 
51 >>  0 0 0 27 212 464 392 127 11 0 
52 >>  0 0 0 23 197 471 437 156 15 0 
53 >>  0 0 0 18 184 480 477 185 22 0 
54 >>  0 0 0 15 168 480 520 222 29 0 
55 >>  0 0 0 11 154 480 558 258 39 1 
56 >>  0 0 0 9 137 471 598 302 50 1 
57 >>  0 0 0 6 123 464 629 345 66 2 
58 >>  0 0 0 5 107 446 663 394 82 3 
59 >>  0 0 0 3 94 431 686 441 104 5 
60 >>  0 0 0 2 80 408 709 495 127 7 
61 >>  0 0 0 1 68 387 722 543 156 11 
62 >>  0 0 0 1 56 359 734 597 185 15 
63 >>  0 0 0 0 47 335 734 645 222 21 
64 >>  0 0 0 0 37 304 734 696 258 28 
65 >>  0 0 0 0 30 278 722 738 302 38 
66 >>  0 0 0 0 23 248 709 783 345 48 
67 >>  0 0 0 0 18 222 686 816 394 63 
68 >>  0 0 0 0 13 193 663 851 441 78 
69 >>  0 0 0 0 10 170 629 873 495 98 
70 >>  0 0 0 0 7 144 598 894 543 119 
71 >>  0 0 0 0 5 124 558 902 597 145 
72 >>  0 0 0 0 3 103 520 910 645 171 
73 >>  0 0 0 0 2 86 477 902 696 204 
74 >>  0 0 0 0 1 69 437 894 738 236 
75 >>  0 0 0 0 1 57 392 873 783 274 
76 >>  0 0 0 0 0 44 353 851 816 311 
77 >>  0 0 0 0 0 35 311 816 851 353 
78 >>  0 0 0 0 0 26 274 783 873 392 
79 >>  0 0 0 0 0 20 236 738 894 437 
80 >>  0 0 0 0 0 14 204 696 902 477 
81 >>  0 0 0 0 0 11 171 645 910 520 
82 >>  0 0 0 0 0 7 145 597 902 558 
83 >>  0 0 0 0 0 5 119 543 894 598 
84 >>  0 0 0 0 0 3 98 495 873 629 
85 >>  0 0 0 0 0 2 78 441 851 663 
86 >>  0 0 0 0 0 1 63 394 816 686 
87 >>  0 0 0 0 0 1 48 345 783 709 
88 >>  0 0 0 0 0 0 38 302 738 722 
89 >>  0 0 0 0 0 0 28 258 696 734 
90 >>  0 0 0 0 0 0 21 222 645 734 
91 >>  0 0 0 0 0 0 15 185 597 734 
92 >>  0 0 0 0 0 0 11 156 543 722 
93 >>  0 0 0 0 0 0 7 127 495 709 
94 >>  0 0 0 0 0 0 5 104 441 686 
95 >>  0 0 0 0 0 0 3 82 394 663 
96 >>  0 0 0 0 0 0 2 66 345 629 
97 >>  0 0 0 0 0 0 1 50 302 598 
98 >>  0 0 0 0 0 0 1 39 258 558 
99 >>  0 0 0 0 0 0 0 29 222 520 
100 >>  0 0 0 0 0 0 0 22 185 477 
101 >>  0 0 0 0 0 0 0 15 156 437 
102 >>  0 0 0 0 0 0 0 11 127 392 
103 >>  0 0 0 0 0 0 0 7 104 353 
104 >>  0 0 0 0 0 0 0 5 82 311 
105 >>  0 0 0 0 0 0 0 3 66 274 
106 >>  0 0 0 0 0 0 0 2 50 236 
107 >>  0 0 0 0 0 0 0 1 39 204 
108 >>  0 0 0 0 0 0 0 1 29 171 
109 >>  0 0 0 0 0 0 0 0 22 145 
110 >>  0 0 0 0 0 0 0 0 15 119 
111 >>  0 0 0 0 0 0 0 0 11 98 
112 >>  0 0 0 0 0 0 0 0 7 78 
113 >>  0 0 0 0 0 0 0 0 5 63 
114 >>  0 0 0 0 0 0 0 0 3 48 
115 >>  0 0 0 0 0 0 0 0 2 38 
116 >>  0 0 0 0 0 0 0 0 1 28 
117 >>  0 0 0 0 0 0 0 0 1 21 
118 >>  0 0 0 0 0 0 0 0 0 15 
119 >>  0 0 0 0 0 0 0 0 0 11 
120 >>  0 0 0 0 0 0 0 0 0 7 
121 >>  0 0 0 0 0 0 0 0 0 5 
122 >>  0 0 0 0 0 0 0 0 0 3 
123 >>  0 0 0 0 0 0 0 0 0 2 
124 >>  0 0 0 0 0 0 0 0 0 1 
125 >>  0 0 0 0 0 0 0 0 0 1 
126 >>  0 0 0 0 0 0 0 0 0 0 
127 >>  0 0 0 0 0 0 0 0 0 0 
128 >>  0 0 0 0 0 0 0 0 0 0 
129 >>  0 0 0 0 0 0 0 0 0 0 
130 >>  0 0 0 0 0 0 0 0 0 0 
131 >>  0 0 0 0 0 0 0 0 0 0 
132 >>  0 0 0 0 0 0 0 0 0 0 
133 >>  0 0 0 0 0 0 0 0 0 0 
134 >>  0 0 0 0 0 0 0 0 0 0 
135 >>  0 0 0 0 0 0 0 0 0 0 
136 >>  0 0 0 0 0 0 0 0 0 0 
137 >>  0 0 0 0 0 0 0 0 0 0 
138 >>  0 0 0 0 0 0 0 0 0 0 
139 >>  0 0 0 0 0 0 0 0 0 0 
140 >>  0 0 0 0 0 0 0 0 0 0 
141 >>  0 0 0 0 0 0 0 0 0 0 
142 >>  0 0 0 0 0 0 0 0 0 0 
143 >>  0 0 0 0 0 0 0 0 0 0 
144 >>  0 0 0 0 0 0 0 0 0 0 
145 >>  0 0 0 0 0 0 0 0 0 0 
146 >>  0 0 0 0 0 0 0 0 0 0 
147 >>  0 0 0 0 0 0 0 0 0 0 
148 >>  0 0 0 0 0 0 0 0 0 0 
149 >>  0 0 0 0 0 0 0 0 0 0 
150 >>  0 0 0 0 0 0 0 0 0 0 
151 >>  0 0 0 0 0 0 0 0 0 0 
152 >>  0 0 0 0 0 0 0 0 0 0 
153 >>  0 0 0 0 0 0 0 0 0 0 
154 >>  0 0 0 0 0 0 0 0 0 0 
155 >>  0 0 0 0 0 0 0 0 0 0 

18
1 >>  1 0 0 0 0 0 0 0 0 0 
2 >>  1 0 0 0 0 0 0 0 0 0 
3 >>  1 1 0 0 0 0 0 0 0 0 
4 >>  1 1 0 0 0 0 0 0 0 0 
5 >>  1 2 0 0 0 0 0 0 0 0 
6 >>  1 2 1 0 0 0 0 0 0 0 
7 >>  1 3 1 0 0 0 0 0 0 0 
8 >>  1 3 2 0 0 0 0 0 0 0 
9 >>  1 4 3 0 0 0 0 0 0 0 
10 >>  1 4 4 1 0 0 0 0 0 0 
11 >>  1 5 5 1 0 0 0 0 0 0 
12 >>  1 5 7 2 0 0 0 0 0 0 
13 >>  1 6 8 3 0 0 0 0 0 0 
14 >>  1 6 10 5 0 0 0 0 0 0 
15 >>  1 7 12 6 1 0 0 0 0 0 
16 >>  1 7 14 9 1 0 0 0 0 0 
17 >>  1 8 16 11 2 0 0 0 0 0 
18 >>  1 8 19 15 3 0 0 0 0 0 
19 >>  0 9 21 18 5 0 0 0 0 0 
20 >>  0 8 24 23 7 0 0 0 0 0 
21 >>  0 8 27 27 10 1 0 0 0 0 
22 >>  0 7 29 34 13 1 0 0 0 0 
23 >>  0 7 31 39 18 2 0 0 0 0 
24 >>  0 6 33 47 23 3 0 0 0 0 
25 >>  0 6 34 53 30 5 0 0 0 0 
26 >>  0 5 35 62 37 7 0 0 0 0 
27 >>  0 5 36 68 47 11 0 0 0 0 
28 >>  0 4 36 77 57 14 1 0 0 0 
29 >>  0 4 36 83 69 20 1 0 0 0 
30 >>  0 3 36 92 82 26 2 0 0 0 
31 >>  0 3 35 97 97 35 3 0 0 0 
32 >>  0 2 34 105 112 44 5 0 0 0 
33 >>  0 2 33 109 129 58 7 0 0 0 
34 >>  0 1 31 116 146 70 11 0 0 0 
35 >>  0 1 29 118 165 88 15 0 0 0 
36 >>  0 0 27 123 183 106 21 1 0 0 
37 >>  0 0 24 123 202 129 28 1 0 0 
38 >>  0 0 21 126 220 151 38 2 0 0 
39 >>  0 0 19 123 239 180 49 3 0 0 
40 >>  0 0 16 123 256 206 64 5 0 0 
41 >>  0 0 14 118 272 240 80 7 0 0 
42 >>  0 0 12 116 286 271 101 11 0 0 
43 >>  0 0 10 109 299 308 124 15 0 0 
44 >>  0 0 8 105 309 341 152 22 0 0 
45 >>  0 0 7 97 317 382 182 29 1 0 
46 >>  0 0 5 92 322 415 218 40 1 0 
47 >>  0 0 4 83 325 455 256 51 2 0 
48 >>  0 0 3 77 325 488 300 68 3 0 
49 >>  0 0 2 68 322 525 346 85 5 0 
50 >>  0 0 1 62 317 553 397 109 7 0 
51 >>  0 0 1 53 309 587 449 134 11 0 
52 >>  0 0 0 47 299 608 506 167 15 0 
53 >>  0 0 0 39 286 634 563 200 22 0 
54 >>  0 0 0 34 272 648 623 243 30 0 
55 >>  0 0 0 27 256 664 682 286 40 1 
56 >>  0 0 0 23 239 668 742 340 52 1 
57 >>  0 0 0 18 220 676 799 393 69 2 
58 >>  0 0 0 15 202 668 856 457 87 3 
59 >>  0 0 0 11 183 664 908 519 111 5 
60 >>  0 0 0 9 165 648 957 593 138 7 
61 >>  0 0 0 6 146 634 1000 662 171 11 
62 >>  0 0 0 5 129 608 1038 742 207 15 
63 >>  0 0 0 3 112 587 1069 816 251 22 
64 >>  0 0 0 2 97 553 1093 900 297 29 
65 >>  0 0 0 1 82 525 1109 974 352 40 
66 >>  0 0 0 1 69 488 1117 1057 411 51 
67 >>  0 0 0 0 57 455 1117 1127 476 68 
68 >>  0 0 0 0 47 415 1109 1204 545 85 
69 >>  0 0 0 0 37 382 1093 1265 622 109 
70 >>  0 0 0 0 30 341 1069 1331 699 134 
71 >>  0 0 0 0 23 308 1038 1379 782 167 
72 >>  0 0 0 0 18 271 1000 1430 867 200 
73 >>  0 0 0 0 13 240 957 1460 954 243 
74 >>  0 0 0 0 10 206 908 1492 1040 286 
75 >>  0 0 0 0 7 180 856 1502 1128 340 
76 >>  0 0 0 0 5 151 799 1514 1210 393 
77 >>  0 0 0 0 3 129 742 1502 1292 457 
78 >>  0 0 0 0 2 106 682 1492 1368 519 
79 >>  0 0 0 0 1 88 623 1460 1437 593 
80 >>  0 0 0 0 1 70 563 1430 1499 662 
81 >>  0 0 0 0 0 58 506 1379 1555 742 
82 >>  0 0 0 0 0 44 449 1331 1598 816 
83 >>  0 0 0 0 0 35 397 1265 1632 900 
84 >>  0 0 0 0 0 26 346 1204 1656 974 
85 >>  0 0 0 0 0 20 300 1127 1667 1057 
86 >>  0 0 0 0 0 14 256 1057 1667 1127 
87 >>  0 0 0 0 0 11 218 974 1656 1204 
88 >>  0 0 0 0 0 7 182 900 1632 1265 
89 >>  0 0 0 0 0 5 152 816 1598 1331 
90 >>  0 0 0 0 0 3 124 742 1555 1379 
91 >>  0 0 0 0 0 2 101 662 1499 1430 
92 >>  0 0 0 0 0 1 80 593 1437 1460 
93 >>  0 0 0 0 0 1 64 519 1368 1492 
94 >>  0 0 0 0 0 0 49 457 1292 1502 
95 >>  0 0 0 0 0 0 38 393 1210 1514 
96 >>  0 0 0 0 0 0 28 340 1128 1502 
97 >>  0 0 0 0 0 0 21 286 1040 1492 
98 >>  0 0 0 0 0 0 15 243 954 1460 
99 >>  0 0 0 0 0 0 11 200 867 1430 
100 >>  0 0 0 0 0 0 7 167 782 1379 
101 >>  0 0 0 0 0 0 5 134 699 1331 
102 >>  0 0 0 0 0 0 3 109 622 1265 
103 >>  0 0 0 0 0 0 2 85 545 1204 
104 >>  0 0 0 0 0 0 1 68 476 1127 
105 >>  0 0 0 0 0 0 1 51 411 1057 
106 >>  0 0 0 0 0 0 0 40 352 974 
107 >>  0 0 0 0 0 0 0 29 297 900 
108 >>  0 0 0 0 0 0 0 22 251 816 
109 >>  0 0 0 0 0 0 0 15 207 742 
110 >>  0 0 0 0 0 0 0 11 171 662 
111 >>  0 0 0 0 0 0 0 7 138 593 
112 >>  0 0 0 0 0 0 0 5 111 519 
113 >>  0 0 0 0 0 0 0 3 87 457 
114 >>  0 0 0 0 0 0 0 2 69 393 
115 >>  0 0 0 0 0 0 0 1 52 340 
116 >>  0 0 0 0 0 0 0 1 40 286 
117 >>  0 0 0 0 0 0 0 0 30 243 
118 >>  0 0 0 0 0 0 0 0 22 200 
119 >>  0 0 0 0 0 0 0 0 15 167 
120 >>  0 0 0 0 0 0 0 0 11 134 
121 >>  0 0 0 0 0 0 0 0 7 109 
122 >>  0 0 0 0 0 0 0 0 5 85 
123 >>  0 0 0 0 0 0 0 0 3 68 
124 >>  0 0 0 0 0 0 0 0 2 51 
125 >>  0 0 0 0 0 0 0 0 1 40 
126 >>  0 0 0 0 0 0 0 0 1 29 
127 >>  0 0 0 0 0 0 0 0 0 22 
128 >>  0 0 0 0 0 0 0 0 0 15 
129 >>  0 0 0 0 0 0 0 0 0 11 
130 >>  0 0 0 0 0 0 0 0 0 7 
131 >>  0 0 0 0 0 0 0 0 0 5 
132 >>  0 0 0 0 0 0 0 0 0 3 
133 >>  0 0 0 0 0 0 0 0 0 2 
134 >>  0 0 0 0 0 0 0 0 0 1 
135 >>  0 0 0 0 0 0 0 0 0 1 
136 >>  0 0 0 0 0 0 0 0 0 0 
137 >>  0 0 0 0 0 0 0 0 0 0 
138 >>  0 0 0 0 0 0 0 0 0 0 
139 >>  0 0 0 0 0 0 0 0 0 0 
140 >>  0 0 0 0 0 0 0 0 0 0 
141 >>  0 0 0 0 0 0 0 0 0 0 
142 >>  0 0 0 0 0 0 0 0 0 0 
143 >>  0 0 0 0 0 0 0 0 0 0 
144 >>  0 0 0 0 0 0 0 0 0 0 
145 >>  0 0 0 0 0 0 0 0 0 0 
146 >>  0 0 0 0 0 0 0 0 0 0 
147 >>  0 0 0 0 0 0 0 0 0 0 
148 >>  0 0 0 0 0 0 0 0 0 0 
149 >>  0 0 0 0 0 0 0 0 0 0 
150 >>  0 0 0 0 0 0 0 0 0 0 
151 >>  0 0 0 0 0 0 0 0 0 0 
152 >>  0 0 0 0 0 0 0 0 0 0 
153 >>  0 0 0 0 0 0 0 0 0 0 
154 >>  0 0 0 0 0 0 0 0 0 0 
155 >>  0 0 0 0 0 0 0 0 0 0 

19
1 >>  1 0 0 0 0 0 0 0 0 0 
2 >>  1 0 0 0 0 0 0 0 0 0 
3 >>  1 1 0 0 0 0 0 0 0 0 
4 >>  1 1 0 0 0 0 0 0 0 0 
5 >>  1 2 0 0 0 0 0 0 0 0 
6 >>  1 2 1 0 0 0 0 0 0 0 
7 >>  1 3 1 0 0 0 0 0 0 0 
8 >>  1 3 2 0 0 0 0 0 0 0 
9 >>  1 4 3 0 0 0 0 0 0 0 
10 >>  1 4 4 1 0 0 0 0 0 0 
11 >>  1 5 5 1 0 0 0 0 0 0 
12 >>  1 5 7 2 0 0 0 0 0 0 
13 >>  1 6 8 3 0 0 0 0 0 0 
14 >>  1 6 10 5 0 0 0 0 0 0 
15 >>  1 7 12 6 1 0 0 0 0 0 
16 >>  1 7 14 9 1 0 0 0 0 0 
17 >>  1 8 16 11 2 0 0 0 0 0 
18 >>  1 8 19 15 3 0 0 0 0 0 
19 >>  1 9 21 18 5 0 0 0 0 0 
20 >>  0 9 24 23 7 0 0 0 0 0 
21 >>  0 9 27 27 10 1 0 0 0 0 
22 >>  0 8 30 34 13 1 0 0 0 0 
23 >>  0 8 32 39 18 2 0 0 0 0 
24 >>  0 7 35 47 23 3 0 0 0 0 
25 >>  0 7 36 54 30 5 0 0 0 0 
26 >>  0 6 38 63 37 7 0 0 0 0 
27 >>  0 6 39 70 47 11 0 0 0 0 
28 >>  0 5 40 80 57 14 1 0 0 0 
29 >>  0 5 40 87 70 20 1 0 0 0 
30 >>  0 4 41 97 83 26 2 0 0 0 
31 >>  0 4 40 104 99 35 3 0 0 0 
32 >>  0 3 40 113 115 44 5 0 0 0 
33 >>  0 3 39 119 134 58 7 0 0 0 
34 >>  0 2 38 128 152 71 11 0 0 0 
35 >>  0 2 36 132 174 89 15 0 0 0 
36 >>  0 1 35 139 194 108 21 1 0 0 
37 >>  0 1 32 142 217 132 28 1 0 0 
38 >>  0 0 30 147 238 156 38 2 0 0 
39 >>  0 0 27 147 262 187 49 3 0 0 
40 >>  0 0 24 150 283 216 65 5 0 0 
41 >>  0 0 21 147 306 253 81 7 0 0 
42 >>  0 0 19 147 325 289 103 11 0 0 
43 >>  0 0 16 142 346 331 127 15 0 0 
44 >>  0 0 14 139 362 371 157 22 0 0 
45 >>  0 0 12 132 379 419 189 29 1 0 
46 >>  0 0 10 128 390 462 229 40 1 0 
47 >>  0 0 8 119 402 512 270 52 2 0 
48 >>  0 0 7 113 408 557 320 69 3 0 
49 >>  0 0 5 104 414 607 372 87 5 0 
50 >>  0 0 4 97 414 650 432 112 7 0 
51 >>  0 0 3 87 414 699 493 139 11 0 
52 >>  0 0 2 80 408 737 564 174 15 0 
53 >>  0 0 1 70 402 780 633 211 22 0 
54 >>  0 0 1 63 390 813 711 258 30 0 
55 >>  0 0 0 54 379 847 788 307 41 1 
56 >>  0 0 0 47 362 870 871 368 53 1 
57 >>  0 0 0 39 346 896 950 431 71 2 
58 >>  0 0 0 34 325 907 1036 506 90 3 
59 >>  0 0 0 27 306 920 1114 583 116 5 
60 >>  0 0 0 23 283 920 1197 673 145 7 
61 >>  0 0 0 18 262 920 1271 763 182 11 
62 >>  0 0 0 15 238 907 1346 866 222 15 
63 >>  0 0 0 11 217 896 1410 968 273 22 
64 >>  0 0 0 9 194 870 1475 1082 326 30 
65 >>  0 0 0 6 174 847 1524 1192 392 41 
66 >>  0 0 0 5 152 813 1572 1313 462 53 
67 >>  0 0 0 3 134 780 1605 1427 544 71 
68 >>  0 0 0 2 115 737 1634 1550 630 90 
69 >>  0 0 0 1 99 699 1646 1662 731 116 
70 >>  0 0 0 1 83 650 1656 1780 833 145 
71 >>  0 0 0 0 70 607 1646 1885 949 182 
72 >>  0 0 0 0 57 557 1634 1993 1067 222 
73 >>  0 0 0 0 47 512 1605 2083 1197 273 
74 >>  0 0 0 0 37 462 1572 2174 1326 326 
75 >>  0 0 0 0 30 419 1524 2244 1468 392 
76 >>  0 0 0 0 23 371 1475 2313 1603 462 
77 >>  0 0 0 0 18 331 1410 2358 1749 544 
78 >>  0 0 0 0 13 289 1346 2400 1887 630 
79 >>  0 0 0 0 10 253 1271 2417 2030 731 
80 >>  0 0 0 0 7 216 1197 2430 2161 833 
81 >>  0 0 0 0 5 187 1114 2417 2297 949 
82 >>  0 0 0 0 3 156 1036 2400 2414 1067 
83 >>  0 0 0 0 2 132 950 2358 2532 1197 
84 >>  0 0 0 0 1 108 871 2313 2630 1326 
85 >>  0 0 0 0 1 89 788 2244 2724 1468 
86 >>  0 0 0 0 0 71 711 2174 2794 1603 
87 >>  0 0 0 0 0 58 633 2083 2860 1749 
88 >>  0 0 0 0 0 44 564 1993 2897 1887 
89 >>  0 0 0 0 0 35 493 1885 2929 2030 
90 >>  0 0 0 0 0 26 432 1780 2934 2161 
91 >>  0 0 0 0 0 20 372 1662 2929 2297 
92 >>  0 0 0 0 0 14 320 1550 2897 2414 
93 >>  0 0 0 0 0 11 270 1427 2860 2532 
94 >>  0 0 0 0 0 7 229 1313 2794 2630 
95 >>  0 0 0 0 0 5 189 1192 2724 2724 
96 >>  0 0 0 0 0 3 157 1082 2630 2794 
97 >>  0 0 0 0 0 2 127 968 2532 2860 
98 >>  0 0 0 0 0 1 103 866 2414 2897 
99 >>  0 0 0 0 0 1 81 763 2297 2929 
100 >>  0 0 0 0 0 0 65 673 2161 2934 
101 >>  0 0 0 0 0 0 49 583 2030 2929 
102 >>  0 0 0 0 0 0 38 506 1887 2897 
103 >>  0 0 0 0 0 0 28 431 1749 2860 
104 >>  0 0 0 0 0 0 21 368 1603 2794 
105 >>  0 0 0 0 0 0 15 307 1468 2724 
106 >>  0 0 0 0 0 0 11 258 1326 2630 
107 >>  0 0 0 0 0 0 7 211 1197 2532 
108 >>  0 0 0 0 0 0 5 174 1067 2414 
109 >>  0 0 0 0 0 0 3 139 949 2297 
110 >>  0 0 0 0 0 0 2 112 833 2161 
111 >>  0 0 0 0 0 0 1 87 731 2030 
112 >>  0 0 0 0 0 0 1 69 630 1887 
113 >>  0 0 0 0 0 0 0 52 544 1749 
114 >>  0 0 0 0 0 0 0 40 462 1603 
115 >>  0 0 0 0 0 0 0 29 392 1468 
116 >>  0 0 0 0 0 0 0 22 326 1326 
117 >>  0 0 0 0 0 0 0 15 273 1197 
118 >>  0 0 0 0 0 0 0 11 222 1067 
119 >>  0 0 0 0 0 0 0 7 182 949 
120 >>  0 0 0 0 0 0 0 5 145 833 
121 >>  0 0 0 0 0 0 0 3 116 731 
122 >>  0 0 0 0 0 0 0 2 90 630 
123 >>  0 0 0 0 0 0 0 1 71 544 
124 >>  0 0 0 0 0 0 0 1 53 462 
125 >>  0 0 0 0 0 0 0 0 41 392 
126 >>  0 0 0 0 0 0 0 0 30 326 
127 >>  0 0 0 0 0 0 0 0 22 273 
128 >>  0 0 0 0 0 0 0 0 15 222 
129 >>  0 0 0 0 0 0 0 0 11 182 
130 >>  0 0 0 0 0 0 0 0 7 145 
131 >>  0 0 0 0 0 0 0 0 5 116 
132 >>  0 0 0 0 0 0 0 0 3 90 
133 >>  0 0 0 0 0 0 0 0 2 71 
134 >>  0 0 0 0 0 0 0 0 1 53 
135 >>  0 0 0 0 0 0 0 0 1 41 
136 >>  0 0 0 0 0 0 0 0 0 30 
137 >>  0 0 0 0 0 0 0 0 0 22 
138 >>  0 0 0 0 0 0 0 0 0 15 
139 >>  0 0 0 0 0 0 0 0 0 11 
140 >>  0 0 0 0 0 0 0 0 0 7 
141 >>  0 0 0 0 0 0 0 0 0 5 
142 >>  0 0 0 0 0 0 0 0 0 3 
143 >>  0 0 0 0 0 0 0 0 0 2 
144 >>  0 0 0 0 0 0 0 0 0 1 
145 >>  0 0 0 0 0 0 0 0 0 1 
146 >>  0 0 0 0 0 0 0 0 0 0 
147 >>  0 0 0 0 0 0 0 0 0 0 
148 >>  0 0 0 0 0 0 0 0 0 0 
149 >>  0 0 0 0 0 0 0 0 0 0 
150 >>  0 0 0 0 0 0 0 0 0 0 
151 >>  0 0 0 0 0 0 0 0 0 0 
152 >>  0 0 0 0 0 0 0 0 0 0 
153 >>  0 0 0 0 0 0 0 0 0 0 
154 >>  0 0 0 0 0 0 0 0 0 0 
155 >>  0 0 0 0 0 0 0 0 0 0 

20
1 >>  1 0 0 0 0 0 0 0 0 0 
2 >>  1 0 0 0 0 0 0 0 0 0 
3 >>  1 1 0 0 0 0 0 0 0 0 
4 >>  1 1 0 0 0 0 0 0 0 0 
5 >>  1 2 0 0 0 0 0 0 0 0 
6 >>  1 2 1 0 0 0 0 0 0 0 
7 >>  1 3 1 0 0 0 0 0 0 0 
8 >>  1 3 2 0 0 0 0 0 0 0 
9 >>  1 4 3 0 0 0 0 0 0 0 
10 >>  1 4 4 1 0 0 0 0 0 0 
11 >>  1 5 5 1 0 0 0 0 0 0 
12 >>  1 5 7 2 0 0 0 0 0 0 
13 >>  1 6 8 3 0 0 0 0 0 0 
14 >>  1 6 10 5 0 0 0 0 0 0 
15 >>  1 7 12 6 1 0 0 0 0 0 
16 >>  1 7 14 9 1 0 0 0 0 0 
17 >>  1 8 16 11 2 0 0 0 0 0 
18 >>  1 8 19 15 3 0 0 0 0 0 
19 >>  1 9 21 18 5 0 0 0 0 0 
20 >>  1 9 24 23 7 0 0 0 0 0 
21 >>  0 10 27 27 10 1 0 0 0 0 
22 >>  0 9 30 34 13 1 0 0 0 0 
23 >>  0 9 33 39 18 2 0 0 0 0 
24 >>  0 8 36 47 23 3 0 0 0 0 
25 >>  0 8 38 54 30 5 0 0 0 0 
26 >>  0 7 40 64 37 7 0 0 0 0 
27 >>  0 7 42 71 47 11 0 0 0 0 
28 >>  0 6 43 82 57 14 1 0 0 0 
29 >>  0 6 44 90 70 20 1 0 0 0 
30 >>  0 5 45 101 84 26 2 0 0 0 
31 >>  0 5 45 109 100 35 3 0 0 0 
32 >>  0 4 45 120 117 44 5 0 0 0 
33 >>  0 4 45 127 137 58 7 0 0 0 
34 >>  0 3 44 138 157 71 11 0 0 0 
35 >>  0 3 43 144 180 90 15 0 0 0 
36 >>  0 2 42 153 203 109 21 1 0 0 
37 >>  0 2 40 158 228 134 28 1 0 0 
38 >>  0 1 38 166 253 159 38 2 0 0 
39 >>  0 1 36 168 280 192 49 3 0 0 
40 >>  0 0 33 174 306 223 65 5 0 0 
41 >>  0 0 30 174 333 263 82 7 0 0 
42 >>  0 0 27 177 359 302 104 11 0 0 
43 >>  0 0 24 174 385 349 129 15 0 0 
44 >>  0 0 21 174 409 394 160 22 0 0 
45 >>  0 0 19 168 433 449 194 29 1 0 
46 >>  0 0 16 166 453 499 236 40 1 0 
47 >>  0 0 14 158 472 559 281 52 2 0 
48 >>  0 0 12 153 488 614 334 70 3 0 
49 >>  0 0 10 144 501 677 392 88 5 0 
50 >>  0 0 8 138 511 733 458 114 7 0 
51 >>  0 0 7 127 518 798 528 142 11 0 
52 >>  0 0 5 120 521 852 608 179 15 0 
53 >>  0 0 4 109 521 914 691 218 22 0 
54 >>  0 0 3 101 518 965 782 269 30 0 
55 >>  0 0 2 90 511 1021 877 322 41 1 
56 >>  0 0 1 82 501 1064 979 389 54 1 
57 >>  0 0 1 71 488 1113 1082 459 72 2 
58 >>  0 0 0 64 472 1145 1192 544 92 3 
59 >>  0 0 0 54 453 1182 1301 632 119 5 
60 >>  0 0 0 47 433 1203 1413 738 150 7 
61 >>  0 0 0 39 409 1226 1524 844 189 11 
62 >>  0 0 0 34 385 1232 1635 969 233 15 
63 >>  0 0 0 27 359 1242 1741 1095 288 22 
64 >>  0 0 0 23 333 1232 1846 1239 348 30 
65 >>  0 0 0 18 306 1226 1943 1381 421 42 
66 >>  0 0 0 15 280 1203 2034 1542 502 54 
67 >>  0 0 0 11 253 1182 2117 1697 596 73 
68 >>  0 0 0 9 228 1145 2191 1870 699 93 
69 >>  0 0 0 6 203 1113 2253 2034 818 121 
70 >>  0 0 0 5 180 1064 2306 2212 945 152 
71 >>  0 0 0 3 157 1021 2345 2378 1088 193 
72 >>  0 0 0 2 137 965 2371 2557 1241 237 
73 >>  0 0 0 1 117 914 2385 2716 1408 295 
74 >>  0 0 0 1 100 852 2385 2885 1584 356 
75 >>  0 0 0 0 84 798 2371 3032 1775 433 
76 >>  0 0 0 0 70 733 2345 3184 1971 515 
77 >>  0 0 0 0 57 677 2306 3308 2180 615 
78 >>  0 0 0 0 47 614 2253 3436 2393 720 
79 >>  0 0 0 0 37 559 2191 3531 2613 847 
80 >>  0 0 0 0 30 499 2117 3627 2834 978 
81 >>  0 0 0 0 23 449 2034 3688 3060 1131 
82 >>  0 0 0 0 18 394 1943 3746 3280 1289 
83 >>  0 0 0 0 13 349 1846 3768 3500 1470 
84 >>  0 0 0 0 10 302 1741 3788 3712 1652 
85 >>  0 0 0 0 7 263 1635 3768 3916 1860 
86 >>  0 0 0 0 5 223 1524 3746 4107 2065 
87 >>  0 0 0 0 3 192 1413 3688 4287 2293 
88 >>  0 0 0 0 2 159 1301 3627 4447 2517 
89 >>  0 0 0 0 1 134 1192 3531 4591 2761 
90 >>  0 0 0 0 1 109 1082 3436 4714 2994 
91 >>  0 0 0 0 0 90 979 3308 4814 3246 
92 >>  0 0 0 0 0 71 877 3184 4890 3481 
93 >>  0 0 0 0 0 58 782 3032 4943 3729 
94 >>  0 0 0 0 0 44 691 2885 4968 3956 
95 >>  0 0 0 0 0 35 608 2716 4968 4192 
96 >>  0 0 0 0 0 26 528 2557 4943 4397 
97 >>  0 0 0 0 0 20 458 2378 4890 4609 
98 >>  0 0 0 0 0 14 392 2212 4814 4784 
99 >>  0 0 0 0 0 11 334 2034 4714 4959 
100 >>  0 0 0 0 0 7 281 1870 4591 5095 
101 >>  0 0 0 0 0 5 236 1697 4447 5226 
102 >>  0 0 0 0 0 3 194 1542 4287 5311 
103 >>  0 0 0 0 0 2 160 1381 4107 5392 
104 >>  0 0 0 0 0 1 129 1239 3916 5424 
105 >>  0 0 0 0 0 1 104 1095 3712 5448 
106 >>  0 0 0 0 0 0 82 969 3500 5424 
107 >>  0 0 0 0 0 0 65 844 3280 5392 
108 >>  0 0 0 0 0 0 49 738 3060 5311 
109 >>  0 0 0 0 0 0 38 632 2834 5226 
110 >>  0 0 0 0 0 0 28 544 2613 5095 
111 >>  0 0 0 0 0 0 21 459 2393 4959 
112 >>  0 0 0 0 0 0 15 389 2180 4784 
113 >>  0 0 0 0 0 0 11 322 1971 4609 
114 >>  0 0 0 0 0 0 7 269 1775 4397 
115 >>  0 0 0 0 0 0 5 218 1584 4192 
116 >>  0 0 0 0 0 0 3 179 1408 3956 
117 >>  0 0 0 0 0 0 2 142 1241 3729 
118 >>  0 0 0 0 0 0 1 114 1088 3481 
119 >>  0 0 0 0 0 0 1 88 945 3246 
120 >>  0 0 0 0 0 0 0 70 818 2994 
121 >>  0 0 0 0 0 0 0 52 699 2761 
122 >>  0 0 0 0 0 0 0 40 596 2517 
123 >>  0 0 0 0 0 0 0 29 502 2293 
124 >>  0 0 0 0 0 0 0 22 421 2065 
125 >>  0 0 0 0 0 0 0 15 348 1860 
126 >>  0 0 0 0 0 0 0 11 288 1652 
127 >>  0 0 0 0 0 0 0 7 233 1470 
128 >>  0 0 0 0 0 0 0 5 189 1289 
129 >>  0 0 0 0 0 0 0 3 150 1131 
130 >>  0 0 0 0 0 0 0 2 119 978 
131 >>  0 0 0 0 0 0 0 1 92 847 
132 >>  0 0 0 0 0 0 0 1 72 720 
133 >>  0 0 0 0 0 0 0 0 54 615 
134 >>  0 0 0 0 0 0 0 0 41 515 
135 >>  0 0 0 0 0 0 0 0 30 433 
136 >>  0 0 0 0 0 0 0 0 22 356 
137 >>  0 0 0 0 0 0 0 0 15 295 
138 >>  0 0 0 0 0 0 0 0 11 237 
139 >>  0 0 0 0 0 0 0 0 7 193 
140 >>  0 0 0 0 0 0 0 0 5 152 
141 >>  0 0 0 0 0 0 0 0 3 121 
142 >>  0 0 0 0 0 0 0 0 2 93 
143 >>  0 0 0 0 0 0 0 0 1 73 
144 >>  0 0 0 0 0 0 0 0 1 54 
145 >>  0 0 0 0 0 0 0 0 0 42 
146 >>  0 0 0 0 0 0 0 0 0 30 
147 >>  0 0 0 0 0 0 0 0 0 22 
148 >>  0 0 0 0 0 0 0 0 0 15 
149 >>  0 0 0 0 0 0 0 0 0 11 
150 >>  0 0 0 0 0 0 0 0 0 7 
151 >>  0 0 0 0 0 0 0 0 0 5 
152 >>  0 0 0 0 0 0 0 0 0 3 
153 >>  0 0 0 0 0 0 0 0 0 2 
154 >>  0 0 0 0 0 0 0 0 0 1 
155 >>  0 0 0 0 0 0 0 0 0 1 


OK
1
2
0
20
1542
5448
1
0
0
